0,46.4777755737305,0,60.1166572570801,36.9888954162598,0,20.6955471038818,0,0,52.6862258911133,15.2911157608032,-0,0,0,36.5594367980957,0,0,0,-0,0,0,0,0,0,-0,0,0,0,0,0,0,0,-0,-0,0,0,-0,-0,0,-0,-0,-0,0,0,0,0,0,-0,-0,0,-0,-0,0,-0,0,-0,0,0,0
0,36.340950012207,0,34.2247657775879,0,0,9.19810390472412,0,0,42.4089546203613,0,0,0,0,13.3390455245972,0,0,0,0,0,0,0,0,0,-0,0,0,0,0,0,0,0,0,0,-0,0,-0,-0,0,0,-0,0,0,-0,-0,-0,0,-0,-0,10.7390460968018,0,-0,0,-0,0,-0,0,0,-0
0,25.5907688140869,52.5169258117676,0,27.7538414001465,0,8.75385475158691,42.5353775024414,0,0,26.809232711792,0,0,35.0861434936523,0,0,0,0,-0,0,0,0,0,0,-0,0,0,0,0,0,0,0,0,20.1969127655029,0,0,-0,-0,0,0,-0,-0,-0,0,0,-0,0,-0,-0,0,0,-0,0,0,0,0,0,0,-0
0,27.3371315002441,0,30.1028614044189,0,0,0,0,0,27.3428611755371,0,0,0,0,15.7142944335938,0,0,0,0,0,0,-0,0,0,-0,0,0,0,0,0,0,0,0,0,-0,0,-0,-0,0,-0,-0,0,0,0,0,-0,0,-0,0,0,-0,0,-0,-0,0,0,-0,0,-0
0,0,0,0,35.0342826843262,0,0,0,0,0,0,0,0,0,0,0,0,0,0,0,0,0,0,0,-0,0,0,0,0,0,0,0,0,0,0,0,-0,-0,0,-0,-0,-0,0,0,0,-0,0,-0,0,0,0,-0,0,-0,0,0,0,0,-0
0,19.226676940918,18.4074020385742,46.2128829956055,53.1976280212402,0,0,0,16.469633102417,37.7244529724121,47.4725914001465,0,0,-0,12.5629587173462,8.99258995056152,0,0,-0,0,0,0,0,0,-0,0,0,0,0,0,0,0,0,0,0,0,-0,-0,0,-0,-0,0,-0,0,0,-0,0,-0,0,0,0,-0,0,-0,0,0,0,0,0
0,0,0,0,0,0,0,0,0,0,0,0,0,0,0,0,0,0,-0,0,0,0,0,0,-0,0,0,0,0,0,0,0,0,0,0,0,-0,-0,0,0,-0,0,0,0,0,-0,0,-0,0,0,0,-0,0,0,0,0,0,0,0
0,0,0,0,0,0,0,0,0,0,0,0,0,0,0,0,0,0,-0,0,0,0,0,0,-0,0,0,0,0,0,0,0,0,0,0,0,-0,-0,0,-0,-0,0,-0,0,0,0,0,-0,0,0,0,-0,0,-0,0,0,0,0,0
0,38.1309127807617,64.9923553466797,30.7478790283203,42.403636932373,0,0,61.2254524230957,7.83514976501465,14.1393966674805,32.9248504638672,0,0,55.1748504638672,0,0,0,0,0,0,0,0,0,0,-0,0,0,0,0,0,0,0,0,0,0,0,-0,-0,0,-0,-0,0,0,0,0,0,0,-0,0,0,0,-0,0,0,0,0,0,0,0
0,71.0047988891602,0,27.4546604156494,0,0,47.8833427429199,0,0,23.1359977722168,0,0,36.317138671875,0,8.14400196075439,0,0,0,0,33.7600021362305,0,0,10.7813367843628,0,-0,0,0,0,0,0,0,0,0,0,0,0,-0,-0,0,-0,-0,0,-0,0,0,-0,0,-0,0,0,0,-0,5.13200187683105,-0,0,0,5.56133127212524,0,0
0,0,0,0,0,-0,0,0,0,0,0,0,0,0,0,0,0,-0,0,0,0,0,0,0,-0,0,0,0,0,0,0,0,0,-0,0,0,-0,-0,0,-0,-0,0,0,0,0,-0,-0,-0,0,0,-0,-0,0,-0,0,-0,0,-0,0
0,37.0714340209961,43.5742988586426,0,31.0257053375244,0,0,33.9657135009766,0,0,20.6200008392334,0,0,25.9228572845459,0,0,0,-0,-0,0,0,0,0,0,-0,0,0,0,0,0,0,0,0,14.4257116317749,0,0,-0,-0,0,0,-0,-0,0,0,0,-0,0,-0,0,0,-0,-0,0,-0,0,0,0,0,0
22.1466674804688,0,0,0,0,0,0,0,0,0,0,0,0,0,0,0,39.1760025024414,0,-0,0,0,0,0,0,-0,0,0,0,0,0,0,0,0,0,0,0,-0,-0,0,-0,-0,0,0,-0,0,0,0,-0,-0,0,0,-0,0,-0,0,0,0,0,0
26.720006942749,0,0,0,0,0,0,0,0,0,0,0,0,0,0,0,0,0,0,0,0,0,0,0,-0,0,0,0,0,0,0,0,0,0,0,0,-0,-0,0,-0,-0,-0,-0,-0,0,-0,0,-0,0,0,-0,-0,0,0,0,0,0,0,0
0,-0,0,-0,0,0,0,0,0,0,0,0,-0,-0,0,0,74.41845703125,0,0,0,0,0,0,0,-0,0,0,0,0,0,0,0,0,0,0,0,-0,-0,0,0,-0,0,0,0,0,0,0,-0,-0,0,0,-0,0,-0,0,0,0,0,0
0,0,0,0,0,-0,0,0,0,0,0,0,-0,0,0,0,-0,0,0,0,8.69001007080078,0,0,0,-0,0,0,0,0,0,0,0,0,0,0,0,-0,-0,0,-0,-0,0,-0,0,0,0,0,-0,8.33499908447266,0,0,-0,9.34999847412109,0,9.97000503540039,0,13.430004119873,0,0
-0,17.8635311126709,21.3705863952637,0,0,0,0,0,0,0,0,0,0,0,0,66.6547088623047,0,1.7588267326355,-0,0,0,0,0,0,-0,0,0,0,0,0,0,0,0,0,0,0,-0,-0,0,-0,-0,0,0,0,0,-0,0,-0,-0,0,-0,-0,0,0,0,0,0,0,0
0,0,0,0,0,0,0,0,15.0044355392456,0,0,-0,-0,0,0,13.4311151504517,0,0,-0,0,0,0,0,0,-0,0,0,0,0,0,0,0,-0,0,0,0,-0,-0,0,-0,-0,0,-0,0,0,-0,-0,-0,0,0,-0,-0,0,-0,0,0,0,0,0
0,38.7371482849121,0,0,0,0,0,0,35.9679985046387,0,0,0,0,0,0,32.6714172363281,0,-0,-0,0,0,0,0,0,-0,0,0,0,0,0,0,0,0,0,0,0,-0,-0,0,0,-0,0,0,0,0,-0,0,-0,0,0,-0,-0,0,0,0,0,0,0,-0
0,0,42.2817344665527,0,37.2312965393066,0,0,35.4469604492188,9.02087306976318,0,18.568696975708,0,0,31.9339179992676,0,0,0,0,0,0,0,0,0,0,-0,0,0,0,0,0,0,0,0,-0,0,0,-0,-0,0,-0,-0,0,-0,0,0,-0,0,-0,0,0,-0,-0,0,0,0,0,0,0,0
0,38.1125946044922,0,26.7081470489502,43.7407417297363,-0,0,0,0,21.4340744018555,14.7748126983643,0,0,0,0,0,0,0,0,0,0,0,0,0,-0,0,0,0,0,0,0,0,0,-0,0,0,-0,-0,0,-0,-0,0,0,0,0,-0,0,-0,-0,0,-0,-0,0,0,0,0,0,0,-0
38.0495262145996,0,0,0,0,0,0,0,0,0,0,0,0,0,0,0,40.0247611999512,0,-0,0,0,0,0,0,-0,0,0,0,0,0,0,0,-0,0,0,0,-0,-0,0,-0,-0,-0,0,0,0,-0,0,-0,-0,11.1714315414429,-0,-0,0,-0,0,0,0,0,0
0,0,0,0,0,0,0,0,0,0,18.519998550415,0,0,0,-0,-0,0,0,0,0,0,0,0,21.6666717529297,-0,0,0,0,0,0,0,0,0,0,0,0,-0,-0,0,-0,0,0,0,0,0,-0,0,-0,0,0,0,-0,0,-0,0,0,0,0,0
0,0,0,0,0,-0,0,0,0,0,0,-0,0,0,0,0,0,0,0,0,0,0,0,0,-0,0,0,0,0,0,0,0,0,0,0,0,-0,-0,0,-0,-0,0,0,0,0,-0,0,-0,0,0,0,-0,0,-0,0,0,0,0,0
0,0,0,0,0,0,0,0,0,0,0,0,0,0,0,0,109.6123046875,0,0,0,0,0,0,0,-0,0,0,0,0,0,0,0,0,0,0,0,-0,-0,0,-0,-0,0,0,0,0,-0,0,-0,-0,0,0,-0,0,-0,0,0,0,0,0
-0,-0,-0,-0,0,0,0,-0,-0,0,0,0,-0,-0,-0,0,0,-0,-0,0,0,0,0,18.4500045776367,33.1683807373047,0,0,0,0,0,0,0,0,-0,0,0,-0,0,0,-0,-0,-0,5.02499008178711,0,0,-0,0,-0,-0,0,0,-0,0,-0,0,0,-0,0,-0
-0,-0,-0,-0,0,-0,0,0,-0,0,0,0,0,-0,-0,-0,0,0,0,0,0,0,0,0,-0,0,0,0,0,0,0,0,0,0,-0,0,-0,-0,0,-0,-0,0,0,0,0,-0,0,-0,-0,0,0,-0,0,0,0,-0,-0,0,0
-0,-0,-0,-0,0,0,0,0,-0,0,0,0,-0,0,0,0,0,0,0,0,21.8666725158691,0,0,0,-0,0,0,0,0,0,0,0,0,0,0,0,-0,0,0,0,0,0,0,0,0,0,0,-0,-0,0,0,-0,0,-0,0,0,0,0,0
-0,-0,0,0,0,0,0,0,-0,0,0,0,0,-0,0,0,0,0,-0,0,0,0,0,0,-0,0,0,0,0,0,0,0,0,0,0,0,-0,-0,0,-0,-0,0,0,-0,0,-0,0,-0,-0,0,-0,-0,-0,-0,0,0,0,0,0
0,0,0,0,0,0,0,0,0,0,7.84470844268799,0,0,-0,-0,0,0,0,-0,0,0,0,0,0,-0,0,0,0,0,0,0,0,0,0,0,0,-0,0,0,0,-0,0,0,0,0,-0,0,-0,0,0,-0,-0,0,-0,0,0,0,0,0
0,0,0,9.08400249481201,0,0,0,0,0,0,17.2640113830566,0,-0,0,0,0,0,0,-0,0,0,0,0,0,-0,0,0,0,0,0,0,0,0,0,-0,0,-0,-0,0,0,-0,0,0,-0,0,0,0,-0,0,0,-0,-0,0,0,0,0,0,0,0
-0,-0,0,-0,0,0,0,0,-0,0,0,0,-0,-0,-0,0,0,0,-0,0,0,0,0,0,0,0,0,0,0,0,0,0,0,0,0,0,-0,-0,0,0,-0,0,0,-0,0,-0,0,-0,0,0,0,-0,0,-0,0,0,-0,0,0
0,0,0,0,0,0,0,0,0,0,0,0,0,0,0,0,0,0,0,0,0,0,0,0,-0,0,0,0,0,0,0,0,0,-0,-0,0,-0,-0,0,-0,-0,0,-0,0,0,-0,0,-0,0,0,-0,-0,0,-0,0,0,0,0,-0
0,0,0,0,0,0,0,0,0,0,0,0,0,0,0,0,0,-0,-0,0,0,0,0,0,-0,0,0,0,0,0,0,0,-0,0,0,0,-0,-0,0,-0,-0,-0,0,-0,0,-0,-0,-0,-0,0,-0,-0,0,-0,0,-0,0,0,0
-0,-0,-0,-0,0,-0,0,0,0,0,0,0,-0,-0,-0,-0,0,0,0,0,0,0,0,0,0,0,0,0,0,0,0,0,0,0,-0,0,-0,-0,0,-0,-0,0,0,0,0,-0,0,-0,0,0,0,-0,0,0,0,0,0,0,0
-0,-0,-0,-0,0,0,0,0,0,0,0,0,0,-0,-0,0,-0,-0,0,0,0,0,0,0,-0,0,0,0,0,0,0,0,0,0,0,0,-0,-0,0,0,-0,-0,-0,0,0,-0,0,-0,-0,0,0,-0,0,0,0,0,0,0,0
-0,-0,-0,-0,0,-0,0,0,-0,0,0,0,-0,-0,-0,0,0,0,-0,8.30352592468262,13.3952941894531,8.9482364654541,13.7505903244019,0,-0,0,0,0,0,0,0,0,0,0,0,0,-0,-0,0,-0,-0,0,0,-0,0,-0,-0,-0,0,0,-0,-0,-0,-0,0,-0,0,-0,0
0,0,0,0,0,9.02696895599365,0,0,0,0,0,0,0,0,0,0,0,0,-0,0,0,0,0,0,-0,0,0,0,0,0,0,0,0,0,0,0,-0,-0,0,0,-0,0,0,0,0,-0,0,-0,0,0,0,0,-0,-0,0,0,0,0,-0
15.0725040435791,0,0,0,0,12.9068756103516,0,0,0,0,0,0,0,0,0,0,0,0,0,0,0,0,0,0,-0,0,0,0,0,0,0,0,0,0,0,0,-0,-0,-0,0,-0,-0,0,-0,-0,-0,0,-0,-0,0,-0,0,-0,-0,0,0,-0,0,-0
29.8314380645752,0,0,0,0,4.67428159713745,0,0,0,0,0,0,0,0,0,0,22.2200050354004,0,0,0,0,0,0,0,-0,0,0,0,0,0,0,0,0,0,0,0,-0,-0,0,0,-0,0,0,-0,0,-0,0,-0,0,0,0,-0,0,-0,0,0,0,0,0
-0,-0,0,-0,0,0,0,0,-0,0,0,0,0,0,-0,-0,-0,-0,0,0,0,0,0,0,-0,0,0,0,0,0,0,0,0,0,0,0,0,0,0,0,0,0,-0,-0,0,-0,0,-0,-0,0,0,-0,0,0,0,0,0,0,0
-0,-0,0,-0,0,0,0,-0,-0,0,0,0,0,-0,-0,0,0,-0,0,0,0,21.0986614227295,0,0,-0,0,0,0,0,0,0,0,0,0,0,0,0,-0,0,-0,-0,0,-0,0,0,-0,0,-0,-0,0,0,-0,0,0,0,0,0,0,0
0,0,0,0,0,0,0,0,0,0,0,0,0,0,0,0,0,0,-0,0,0,0,0,0,-0,0,0,0,0,0,0,0,0,0,0,0,-0,-0,0,-0,-0,-0,-0,0,0,-0,0,-0,0,0,-0,-0,0,-0,0,0,0,0,-0
0,0,0,0,0,0,0,0,0,0,0,17.0010547637939,0,0,0,0,0,0,0,33.9747428894043,31.0568466186523,26.9599990844727,12.2399978637695,0,-0,0,0,0,0,0,0,0,0,0,0,0,-0,-0,0,-0,0,0,0,0,0,-0,0,-0,0,0,-0,-0,0,0,0,0,0,-0,-0
-0,-0,-0,-0,0,-0,0,0,-0,0,0,0,0,-0,-0,0,0,-0,0,0,0,0,0,0,-0,0,0,0,0,0,0,0,0,0,0,0,0,0,0,0,0,0,0,0,0,-0,0,-0,-0,0,0,-0,0,0,0,0,0,0,0
66.4087524414062,0,0,0,0,0,0,0,0,0,0,0,0,0,0,0,69.8375091552734,0,-0,0,0,0,0,0,-0,0,0,0,0,0,0,0,0,0,0,0,-0,-0,0,-0,-0,0,0,-0,0,0,0,-0,-0,27.1405067443848,0,-0,0,-0,0,0,0,0,-0
0,0,0,0,0,0,0,0,0,0,0,0,0,0,0,0,0,0,-0,0,0,0,0,0,-0,0,0,0,0,0,0,0,0,0,0,0,-0,-0,0,-0,-0,0,0,0,0,-0,0,-0,0,0,0,-0,0,-0,0,0,0,-0,0
0,0,0,0,0,0,0,0,0,0,0,0,0,0,0,0,0,0,-0,0,0,0,0,0,-0,0,0,0,0,0,0,0,0,0,0,0,-0,-0,0,-0,-0,0,0,0,0,-0,0,-0,-0,0,0,-0,0,-0,0,0,0,0,0
-0,-0,-0,-0,0,0,0,0,-0,0,0,0,0,-0,-0,0,0,0,21.5644454956055,16.6933326721191,0,0,0,0,-0,0,0,0,0,0,0,0,-0,0,0,0,-0,-0,0,-0,-0,0,0,0,0,0,27.4400024414062,-0,0,0,-0,-0,0,0,0,0,0,0,-0
-0,-0,-0,-0,0,-0,0,0,0,0,0,0,0,-0,-0,0,0,46.7481536865234,0,0,0,0,0,0,0,0,0,0,0,0,0,0,0,0,0,0,-0,-0,0,0,-0,0,0,0,0,0,0,-0,0,0,0,-0,0,-0,0,0,0,0,0
-0,-0,0,-0,0,-0,0,0,-0,0,0,0,-0,-0,-0,0,0,0,-0,0,0,0,0,0,-0,0,0,0,0,0,0,0,0,0,0,0,-0,-0,0,-0,-0,0,0,0,0,-0,0,-0,-0,0,0,-0,0,0,0,0,0,0,0
-0,-0,-0,-0,0,0,0,0,0,-0,0,-0,0,-0,-0,0,-0,0,0,19.3266696929932,0,0,0,0,-0,0,0,0,0,0,0,0,0,0,0,0,-0,-0,0,-0,0,0,-0,0,0,-0,0,-0,0,0,0,-0,0,0,0,0,0,0,0
-0,-0,-0,-0,0,-0,0,4.34545993804932,0,5.52242755889893,0,0,-0,-0,-0,-0,-0,49.748966217041,0,0,0,0,0,0,0,0,0,0,0,0,0,0,0,0,0,0,0,-0,0,-0,0,0,0,0,0,0,0,0,0,0,0,-0,0,0,0,0,0,0,0
-0,-0,0,-0,0,-0,0,0,0,0,8.7015380859375,0,0,-0,-0,0,0,18.2877025604248,0,0,0,0,0,0,-0,0,0,0,0,0,0,0,-0,0,0,0,-0,-0,0,-0,-0,0,31.3053760528564,0,-0,-0,0,-0,-0,0,-0,-0,0,0,0,0,0,0,0
0,-0,0,-0,0,0,0,0,-0,0,0,0,0,-0,0,0,88.2699966430664,0,0,0,0,0,0,0,-0,0,0,0,0,0,0,0,0,0,0,0,-0,-0,0,-0,-0,0,0,0,0,-0,0,-0,-0,-0,-0,-0,0,0,0,0,0,0,0
-0,-0,-0,-0,0,-0,0,0,0,0,0,0,-0,-0,0,0,0,0,0,0,60.8547630310059,6.41538667678833,35.2276878356934,0,-0,0,0,0,0,0,0,0,0,0,0,0,-0,-0,0,-0,-0,0,0,0,0,-0,27.9692287445068,-0,-0,0,-0,-0,0,0,-0,0,0,0,0
-0,-0,-0,-0,0,0,0,0,-0,0,-0,0,0,0,-0,-0,-0,-0,0,0,0,0,0,0,-0,0,0,0,0,0,0,0,0,-0,0,0,0,0,0,-0,-0,0,-0,-0,0,0,0,-0,-0,0,0,-0,0,0,0,0,0,0,0
0,0,0,0,0,0,0,0,0,0,0,0,0,-0,0,0,0,0,-0,87.3833618164062,0,0,0,24.9740009307861,0,0,0,0,0,0,0,0,0,0,0,0,-0,-0,0,-0,-0,0,0,0,0,-0,0,-0,-0,0,3.67899775505066,-0,0,-0,0,-0,0,0,0
-0,0,-0,-0,0,0,0,0,0,0,33.6940612792969,0,0,-0,-0,-0,0,0,0,0,50.0799980163574,0,33.1208686828613,0,-0,0,0,0,0,0,0,0,0,0,0,0,-0,-0,0,0,-0,0,0,0,0,-0,0,-0,-0,0,0,-0,0,-0,0,0,0,0,0
-0,-0,-0,-0,0,0,0,0,-0,0,0,0,0,-0,-0,0,0,0,0,0,0,0,0,0,-0,0,0,0,0,0,0,0,0,0,0,0,0,-0,0,-0,0,0,-0,0,0,0,0,-0,-0,0,0,-0,0,0,0,0,0,0,0
-0,-0,-0,-0,0,0,0,0,0,0,0,0,0,0,0,0,-0,0,35.2819442749023,20.9286556243896,46.3342666625977,0,0,0,-0,0,0,0,0,0,0,0,0,0,0,0,0,-0,0,-0,0,0,19.2043266296387,28.3616180419922,12.7556810379028,34.4270210266113,40.6348114013672,0,-0,0,0,-0,0,0,0,0,0,0,0
-0,-0,-0,-0,0,-0,0,0,-0,0,0,0,-0,-0,0,0,-0,-0,0,0,0,0,0,0,-0,0,0,0,0,0,0,0,0,-0,0,0,0,0,0,-0,-0,0,-0,0,0,-0,0,-0,-0,0,0,-0,0,0,0,0,0,0,0
-0,-0,-0,-0,0,-0,0,0,0,0,0,0,-0,-0,-0,0,0,0,-0,0,0,0,0,0,-0,0,0,0,0,0,0,0,0,-0,0,0,-0,-0,0,-0,-0,0,0,0,0,-0,0,-0,-0,0,0,-0,0,0,0,-0,0,0,-0
-0,0,0,0,0,0,0,0,-0,0,0,0,0,-0,0,-0,0,0,0,0,0,0,0,0,0,0,0,0,0,0,0,0,0,0,0,0,-0,-0,0,0,-0,0,0,0,0,0,0,-0,0,0,0,-0,0,-0,0,0,0,0,0
0,0,0,0,0,0,0,0,0,0,77.6807632446289,0,0,0,0,0,0,0,-0,0,0,0,0,0,-0,0,0,0,0,0,0,0,-0,0,0,0,-0,-0,0,-0,-0,0,-0,-0,0,-0,0,-0,0,0,0,-0,0,-0,0,0,0,0,0
16.6189441680908,35.0926399230957,0,54.4389381408691,13.9536809921265,0,0,0,8.70737361907959,45.4275817871094,0,-0,0,0,21.7747344970703,0,7.66315317153931,21.9705238342285,-0,0,0,0,0,0,-0,0,0,0,0,0,0,0,-0,0,0,0,-0,-0,0,-0,-0,0,-0,-0,0,0,0,-0,0,0,0,-0,0,-0,0,0,0,0,0
-0,-0,-0,-0,0,-0,0,0,0,0,0,0,0,-0,-0,-0,0,0,0,0,0,0,0,30.6863250732422,0,0,0,0,0,0,0,0,0,0,-0,0,-0,-0,0,0,0,0,0,0,0,0,0,-0,-0,0,0,-0,0,-0,0,0,0,0,0
-0,-0,-0,-0,0,0,0,0,-0,0,0,0,-0,-0,0,0,0,0,0,0,0,0,0,0,0,0,0,0,0,0,0,0,0,-0,0,0,0,-0,0,-0,-0,0,-0,0,0,0,0,-0,-0,0,0,-0,0,0,0,0,0,0,0
-0,-0,-0,-0,0,-0,0,0,8.96234893798828,0,0,0,-0,-0,-0,11.0752954483032,-0,0,-0,0,0,0,0,0,-0,0,0,0,0,0,0,0,0,0,0,0,0,-0,0,0,-0,0,-0,0,0,-0,0,-0,-0,0,0,-0,0,0,0,-0,-0,-0,0
-0,-0,0,-0,0,-0,0,0,16.4222145080566,0,10.766658782959,0,0,-0,0,8.08222484588623,34.3266716003418,0,-0,0,0,0,0,0,-0,0,0,0,0,0,0,0,0,0,0,0,-0,-0,0,-0,-0,0,0,0,0,-0,0,-0,-0,6.89555883407593,9.55333423614502,-0,0,0,0,0,0,0,0
-0,-0,-0,-0,0,-0,0,0,-0,0,0,0,-0,-0,-0,-0,-0,-0,-0,0,0,-0,0,0,-0,0,0,0,0,0,0,0,0,0,0,0,0,0,0,-0,-0,-0,-0,0,0,-0,0,-0,0,0,-0,-0,0,-0,0,0,0,0,0
-0,-0,0,-0,0,0,-0,-0,0,0,-0,0,-0,-0,-0,0,0,-0,0,0,0,0,0,0,-0,0,0,0,0,0,0,0,0,0,0,0,0,0,0,-0,-0,0,-0,0,0,-0,0,-0,-0,0,0,-0,0,0,0,0,0,0,0
-0,-0,0,-0,0,0,0,0,-0,0,0,0,0,0,-0,0,-0,0,11.3631982803345,19.8304023742676,0,0,0,0,-0,0,0,0,0,0,0,0,0,0,0,0,0,0,0,-0,0,0,-0,-0,0,-0,0,-0,-0,0,0,-0,8.37439727783203,0,0,0,0,0,0
-0,-0,-0,-0,0,0,0,0,0,0,0,0,0,0,0,0,-0,0,0,0,0,0,0,0,-0,0,0,0,0,0,0,0,0,0,0,0,0,0,0,-0,0,0,0,0,0,0,0,-0,-0,0,0,-0,0,0,6.39732980728149,0,14.1133375167847,0,0
-0,-0,0,-0,0,-0,0,0,-0,0,0,0,0,-0,-0,0,0,0,0,0,0,0,0,0,0,0,0,0,0,0,0,0,0,0,0,0,-0,-0,0,-0,-0,0,-0,0,0,-0,0,-0,-0,0,0,-0,0,0,0,0,0,0,0
-0,-0,-0,-0,0,0,0,0,-0,0,0,0,0,-0,-0,0,-0,0,0,0,0,0,0,0,0,0,0,0,0,0,0,0,0,0,0,0,0,0,0,-0,0,0,0,0,0,0,18.0084285736084,-0,-0,0,0,-0,0,0,0,0,13.0399923324585,0,0
-0,-0,-0,-0,0,-0,0,0,-0,0,17.1599960327148,0,-0,-0,-0,-0,-0,0,0,52.8749961853027,38.4112548828125,0,0,39.8304977416992,30.8015632629395,0,0,0,0,0,0,0,0,0,0,0,0,0,0,-0,0,0,0,0,0,0,0,-0,-0,0,28.3556270599365,-0,0,0,0,0,0,0,8.30750274658203
-0,-0,0,-0,0,-0,0,0,-0,0,0,0,0,-0,0,0,-0,-0,0,23.7847576141357,0,0,0,27.4704685211182,0,0,0,0,0,0,0,0,0,11.4133329391479,0,32.2228584289551,9.62476444244385,10.366096496582,0,0,0,0,26.0076198577881,0,0,-0,19.6933326721191,0,0,0,-0,-0,0,0,0,0,0,22.8514251708984,0
0,0,0,0,0,0,0,0,0,0,0,-0,0,0,0,0,0,0,-0,0,0,0,0,0,-0,0,0,0,0,0,0,0,0,0,0,0,-0,-0,0,-0,-0,-0,0,-0,0,-0,0,-0,-0,0,-0,-0,0,-0,0,0,0,0,0
0,0,0,0,0,0,0,0,0,0,0,0,0,0,0,0,0,0,-0,0,0,0,0,0,-0,0,0,0,0,0,0,0,0,0,0,0,-0,-0,0,0,-0,-0,-0,0,0,-0,0,-0,0,0,0,-0,0,-0,0,0,0,0,-0
-0,-0,-0,-0,0,0,0,0,-0,0,0,0,0,0,-0,0,0,0,0,0,0,0,0,0,-0,0,0,0,0,0,0,0,0,0,0,0,0,-0,0,-0,-0,0,-0,0,0,-0,0,-0,-0,0,0,-0,0,9.43176364898682,0,0,0,0,0
-0,-0,-0,-0,0,-0,0,0,-0,0,0,0,0,-0,-0,0,0,0,-0,0,0,0,0,0,-0,0,0,0,0,0,0,0,0,-0,0,0,0,-0,0,-0,-0,0,-0,0,0,0,0,-0,-0,0,0,-0,0,0,-0,0,0,-0,-0
-0,-0,0,-0,0,0,0,0,0,-0,0,0,-0,-0,0,0,0,-0,0,0,0,0,0,0,-0,0,0,0,0,0,0,0,0,0,0,0,-0,-0,0,0,0,-0,0,-0,0,-0,0,-0,-0,0,0,-0,0,-0,0,0,0,0,0
0,0,0,0,0,0,0,0,0,0,0,-0,0,0,0,0,0,0,-0,0,0,0,0,0,-0,0,0,0,0,0,0,0,0,0,-0,0,0,-0,0,0,-0,-0,0,0,0,0,0,-0,-0,0,-0,-0,-0,-0,0,0,0,0,0
-0,0,0,0,0,0,0,0,0,0,0,0,-0,0,0,0,0,0,-0,0,0,0,0,0,-0,0,0,0,0,0,0,0,0,0,0,0,-0,-0,0,-0,-0,-0,0,-0,-0,-0,0,-0,0,0,0,-0,0,-0,0,0,0,0,0
-0,-0,0,-0,0,-0,0,0,-0,0,0,0,-0,-0,-0,0,-0,0,0,0,0,0,0,0,-0,0,0,0,0,0,0,0,0,0,0,0,-0,-0,0,-0,-0,0,0,0,0,-0,0,-0,-0,0,0,-0,0,0,0,0,0,0,0
0,0,0,0,0,-0,0,0,0,0,0,0,0,-0,-0,0,0,0,-0,0,0,0,0,0,-0,0,0,0,0,0,0,0,0,0,0,0,-0,-0,0,-0,-0,0,-0,-0,0,-0,0,-0,-0,0,0,-0,0,0,-0,0,0,0,0
-0,-0,-0,-0,0,-0,0,0,0,0,0,0,0,-0,-0,0,-0,0,0,0,0,0,0,0,-0,0,0,0,0,0,0,0,0,0,0,0,0,-0,0,0,0,0,0,0,0,-0,0,-0,0,0,-0,-0,0,0,0,29.522289276123,0,0,22.4160003662109
-0,-0,-0,-0,0,-0,-0,0,0,0,0,0,0,-0,0,0,0,0,0,0,0,0,0,0,-0,0,0,0,0,0,0,0,0,0,-0,0,0,-0,0,0,-0,0,-0,0,0,-0,0,0,-0,0,0,0,0,0,0,0,0,0,0
-0,-0,0,-0,0,-0,0,0,0,0,-0,0,0,0,-0,0,-0,-0,0,0,0,0,0,0,-0,0,0,0,0,0,0,0,0,0,0,0,-0,-0,0,-0,-0,-0,0,0,0,-0,0,-0,-0,0,0,-0,0,-0,0,0,0,0,0
-0,-0,-0,-0,0,-0,-0,0,-0,0,0,0,0,0,-0,0,-0,0,0,0,0,0,0,0,-0,0,0,0,0,0,0,0,0,0,51.7508811950684,17.9866619110107,0,0,0,-0,21.8666648864746,0,0,0,0,0,0,-0,-0,0,0,-0,0,0,0,0,17.5733375549316,8.6644401550293,0
-0,-0,0,-0,0,0,0,0,-0,0,0,0,0,0,-0,0,-0,-0,0,0,0,0,0,0,-0,0,0,0,0,0,0,0,0,0,0,0,0,0,0,0,0,0,-0,0,-0,-0,0,-0,-0,0,0,-0,0,0,0,0,0,0,0
-0,-0,0,-0,0,-0,0,0,0,0,0,0,-0,-0,-0,0,0,0,0,0,0,-0,0,0,-0,0,0,0,0,0,0,0,0,-0,0,0,-0,-0,0,-0,-0,-0,0,0,0,-0,0,-0,-0,0,0,-0,0,-0,0,0,-0,0,0
-0,0,0,0,0,0,0,0,0,0,0,0,0,-0,-0,0,0,0,-0,0,0,0,0,0,-0,0,0,0,0,0,0,0,-0,0,-0,-0,-0,-0,-0,-0,-0,-0,-0,0,0,-0,0,-0,-0,0,-0,-0,-0,0,-0,0,-0,-0,-0
0,0,0,0,0,0,0,0,0,0,0,0,-0,-0,-0,0,0,0,-0,0,0,0,0,0,-0,0,0,0,0,0,0,0,0,0,0,-0,-0,-0,-0,-0,-0,-0,-0,0,0,-0,0,-0,-0,0,-0,-0,0,-0,0,0,0,0,-0
0,0,0,0,0,-0,0,0,0,0,0,0,0,0,0,0,0,0,0,0,0,0,0,0,0,0,0,0,0,0,0,0,0,0,0,0,-0,-0,0,-0,-0,0,0,0,0,-0,0,-0,0,0,0,-0,0,-0,0,0,0,0,0
-0,-0,-0,-0,0,-0,0,0,-0,0,0,0,-0,-0,-0,0,0,0,-0,0,0,0,0,0,-0,0,0,0,0,0,0,0,0,-0,0,0,0,-0,0,-0,0,0,-0,0,0,-0,0,-0,0,0,0,-0,0,0,0,0,0,-0,0
-0,-0,0,-0,0,0,0,0,-0,0,0,0,-0,0,0,0,0,0,-0,0,0,0,0,0,-0,0,0,0,0,0,0,0,0,0,0,0,-0,-0,0,-0,-0,-0,-0,-0,-0,-0,0,-0,-0,0,-0,-0,-0,0,0,0,-0,0,0
0,0,0,-0,0,-0,0,0,0,0,0,0,0,0,-0,0,-0,-0,-0,0,0,0,0,0,-0,0,0,0,0,0,0,0,0,0,0,0,-0,-0,0,-0,-0,-0,-0,-0,-0,-0,0,-0,-0,-0,-0,-0,-0,-0,0,-0,-0,0,-0
-0,-0,0,-0,0,0,0,0,0,0,0,0,-0,-0,-0,0,0,0,-0,0,0,0,0,0,-0,0,0,0,0,0,0,0,0,0,20.0517616271973,0,-0,-0,0,-0,0,0,-0,0,0,-0,0,-0,-0,0,0,-0,0,0,0,0,0,0,0
-0,-0,0,-0,0,0,0,0,-0,-0,0,0,-0,0,-0,0,-0,0,0,0,0,0,0,0,-0,0,0,0,0,0,0,0,-0,-0,8.8026647567749,0,8.64799785614014,0,0,0,0,0,-0,0,0,0,0,0,-0,0,-0,-0,0,0,0,0,0,0,0
-0,-0,0,-0,0,0,-0,0,-0,-0,0,0,0,0,-0,0,-0,-0,0,0,0,0,0,0,-0,0,0,0,0,0,0,0,0,-0,0,0,0,0,0,0,0,0,0,0,0,-0,0,0,-0,-0,-0,-0,0,0,0,0,0,0,0
0,0,0,0,0,-0,0,0,0,0,0,0,0,0,0,-0,0,-0,0,0,0,0,0,0,-0,0,0,0,0,0,0,0,-0,0,0,0,-0,-0,0,-0,-0,-0,0,0,0,-0,0,-0,0,0,-0,-0,0,0,0,0,0,0,0
-0,0,0,-0,0,-0,0,0,0,0,0,0,0,-0,-0,0,0,0,0,0,0,0,0,0,-0,0,0,0,0,0,0,0,0,0,0,0,-0,-0,0,-0,-0,0,0,0,0,0,0,-0,-0,0,0,-0,0,-0,0,0,0,-0,0
-0,0,0,0,0,0,0,0,0,0,0,0,0,0,0,0,0,0,0,0,0,0,0,0,-0,0,0,0,0,0,0,0,0,0,-0,0,-0,0,15.3333349227905,-0,0,0,0,-0,0,0,0,-0,-0,0,-0,-0,0,-0,0,0,0,0,0
-0,0,0,-0,0,0,0,0,0,0,0,-0,-0,0,0,0,0,-0,0,0,0,0,0,0,-0,0,0,0,0,0,0,0,0,-0,0,0,-0,-0,0,-0,-0,0,0,0,-0,-0,0,-0,-0,-0,-0,-0,-0,-0,0,-0,-0,0,-0
-0,-0,-0,-0,0,0,0,0,-0,0,0,0,0,-0,-0,0,0,0,0,0,0,0,0,0,-0,0,0,0,0,0,0,0,24.3592014312744,0,0,44.5816802978516,27.6800022125244,0,0,-0,0,22.5807991027832,-0,0,0,0,0,-0,-0,0,0,-0,0,24.1744041442871,0,0,0,0,0
-0,-0,-0,-0,0,0,0,0,-0,0,0,0,0,0,0,0,-0,0,0,0,0,0,0,0,-0,0,0,0,0,0,0,0,0,0,0,0,0,0,0,0,0,0,-0,-0,0,0,0,-0,-0,0,0,-0,0,0,0,0,0,0,0
-0,0,0,0,0,0,0,0,-0,0,0,0,0,0,0,0,0,0,0,0,0,0,0,0,-0,0,0,0,0,0,0,0,0,0,0,0,-0,-0,22.3822193145752,0,-0,0,0,0,0,-0,0,-0,-0,0,0,-0,0,-0,0,0,0,0,0
-0,-0,-0,-0,0,0,0,0,0,0,0,0,0,-0,-0,-0,0,0,-0,0,0,0,0,0,-0,0,0,0,0,0,0,0,0,0,0,17.1338443756104,-0,-0,43.4676895141602,27.2963047027588,-0,0,0,0,0,0,0,-0,-0,0,12.9184560775757,-0,0,-0,0,0,0,0,0
-0,-0,0,-0,0,0,-0,0,-0,0,0,0,-0,-0,-0,0,0,0,0,0,0,0,0,0,-0,0,0,0,0,0,0,0,0,-0,0,0,-0,-0,69.6283874511719,-0,-0,0,0,0,0,-0,0,-0,-0,0,0,-0,0,0,0,0,0,0,0
-0,-0,-0,-0,0,-0,0,-0,0,0,-0,-0,0,-0,-0,0,-0,-0,0,0,0,0,0,0,-0,0,0,0,0,0,0,0,0,0,0,0,12.426664352417,12.6080026626587,0,-0,0,0,0,0,0,-0,0,-0,-0,0,0,-0,0,0,0,0,0,0,0
-0,-0,-0,-0,0,-0,-0,-0,-0,-0,-0,0,0,0,-0,0,-0,-0,0,0,0,-0,0,0,-0,0,0,0,0,0,0,0,0,0,0,0,14.0799980163574,10.4996929168701,0,0,0,0,-0,-0,-0,-0,0,-0,-0,0,0,-0,0,0,0,0,0,0,0
-0,-0,-0,-0,0,-0,0,0,-0,0,0,0,0,0,0,0,-0,0,0,0,0,0,0,0,-0,0,0,0,0,0,0,0,0,0,0,0,34.096378326416,7.51999616622925,0,-0,0,39.274284362793,-0,0,0,0,0,-0,-0,0,0,-0,0,0,0,0,0,0,0
0,0,0,13.1955528259277,0,0,0,0,0,19.9133434295654,0,0,0,0,0,0,0,0,0,0,0,0,0,0,-0,0,0,0,0,0,0,0,0,0,0,0,-0,-0,0,0,-0,0,0,-0,0,-0,0,-0,-0,0,0,-0,0,0,0,0,0,0,0
-0,-0,-0,-0,0,-0,0,0,0,0,0,0,0,-0,-0,0,-0,0,0,0,0,0,0,0,-0,0,0,0,0,0,0,0,0,0,0,0,0,0,0,17.7280006408691,0,0,0,0,0,-0,0,-0,0,0,-0,-0,8.57066822052002,0,10.6266679763794,0,10.8480024337769,19.3306636810303,0
-0,0,0,-0,0,0,0,0,0,0,0,0,-0,0,0,0,-0,-0,-0,0,0,0,0,0,-0,0,0,0,0,0,0,0,6.84999704360962,0,0,0,-0,-0,-0,-0,-0,-0,0,-0,0,-0,0,-0,-0,0,-0,0,0,0,0,0,0,-0,0
0,0,0,0,0,0,0,0,0,0,0,0,0,-0,-0,0,0,0,-0,0,7.12235021591187,0,0,0,-0,0,0,0,0,0,0,0,0,7.75528478622437,0,0,-0,-0,0,0,-0,0,0,0,-0,-0,0,-0,0,0,-0,-0,0,0,0,0,8.0423583984375,0,-0
-0,-0,0,0,0,-0,0,0,0,0,0,0,0,-0,-0,0,0,0,-0,0,0,0,0,0,-0,0,0,0,0,0,0,0,0,0,0,0,-0,-0,0,0,-0,0,-0,-0,0,-0,0,-0,-0,0,0,-0,0,0,0,-0,0,-0,0
-0,-0,-0,-0,0,0,0,0,-0,0,0,0,0,-0,-0,0,0,0,0,0,0,0,0,0,-0,0,0,0,0,0,0,0,0,0,0,0,0,-0,0,-0,11.9753789901733,0,-0,0,0,-0,0,-0,0,0,0,-0,0,0,0,0,24.3615398406982,0,0
-0,-0,-0,-0,0,-0,-0,0,-0,0,0,0,-0,-0,-0,-0,0,0,8.63818645477295,0,0,0,0,0,-0,0,0,0,0,0,0,0,17.3672714233398,0,0,0,0,-0,0,-0,-0,0,-0,31.0745525360107,31.7563552856445,-0,15.1854619979858,0,-0,0,0,-0,0,0,0,0,0,0,0
-0,-0,-0,-0,0,0,0,0,-0,0,0,0,0,-0,-0,0,-0,0,0,8.75849056243896,0,0,0,0,-0,0,0,0,0,0,0,0,0,28.8999671936035,0,15.8883047103882,0,0,0,-0,30.2585716247559,0,-0,0,42.5139617919922,-0,0,-0,-0,0,0,-0,0,0,0,0,9.89811229705811,0,0
-0,-0,0,-0,0,0,-0,0,-0,0,-0,0,0,-0,-0,0,-0,0,-0,0,0,0,-0,0,-0,0,0,0,0,0,0,0,0,16.4266719818115,0,0,0,-0,0,-0,-0,0,-0,-0,-0,0,0,-0,0,0,0,-0,7.14933252334595,0,7.11466073989868,0,9.79466724395752,5.92266654968262,0
-0,-0,-0,-0,0,-0,0,0,-0,0,0,0,0,-0,-0,0,0,-0,0,0,0,0,0,0,0,0,0,0,0,0,0,0,0,0,0,0,0,-0,0,-0,-0,0,0,0,0,0,0,-0,-0,0,0,-0,14.7516660690308,0,17.9343357086182,0,0,0,0
-0,-0,-0,-0,0,0,0,0,-0,0,0,0,0,0,-0,0,-0,0,0,0,0,0,0,0,-0,0,0,0,0,0,0,0,0,0,0,0,0,0,0,-0,0,0,-0,-0,0,0,0,-0,-0,0,-0,-0,0,0,0,0,0,0,0
-0,-0,-0,-0,0,0,0,0,-0,0,0,0,0,-0,-0,-0,-0,0,0,0,0,0,0,0,-0,0,0,0,0,0,0,0,0,0,0,0,0,0,0,0,-0,0,-0,0,0,-0,0,-0,-0,0,0,-0,0,0,0,0,0,0,0
-0,-0,0,-0,0,0,0,0,-0,0,0,0,0,-0,-0,0,-0,0,0,0,0,0,0,0,0,0,0,0,0,0,0,0,0,0,0,0,0,-0,0,-0,0,0,0,0,0,0,17.5882377624512,-0,-0,0,0,-0,0,0,0,0,13.0752868652344,0,0
-0,-0,-0,-0,0,0,0,0,0,0,0,0,0,-0,-0,0,0,-0,0,0,0,0,0,0,-0,0,0,0,0,0,0,0,23.1572227478027,0,0,54.2737770080566,33.5776634216309,0,0,-0,-0,20.6544494628906,-0,-0,0,-0,0,-0,-0,0,0,-0,0,23.1039943695068,0,0,0,0,0
0,12.9657068252563,42.1219062805176,0,41.6857147216797,-0,0,20.0838050842285,0,0,40.4533348083496,0,0,0,-0,0,0,-0,-0,0,0,0,0,0,-0,0,0,0,0,0,0,0,-0,31.0209407806396,0,0,-0,-0,0,-0,-0,0,-0,-0,0,-0,0,-0,-0,0,0,-0,6.89524030685425,0,0,0,0,0,0
-0,-0,-0,-0,0,-0,0,0,-0,-0,0,0,0,-0,-0,0,-0,-0,-0,0,0,0,-0,0,-0,0,0,0,0,0,0,0,8.27304744720459,20.1860980987549,0,0,0,0,0,-0,0,0,-0,0,0,-0,0,-0,0,0,-0,-0,19.9913024902344,0,7.11304521560669,9.23130702972412,0,7.50434684753418,14.525221824646
-0,0,0,0,0,0,0,0,-0,0,0,0,0,-0,0,0,0,0,0,0,0,0,0,0,0,0,0,0,0,0,0,0,0,0,0,0,-0,0,0,-0,-0,0,0,0,0,0,0,-0,-0,0,0,-0,0,0,0,0,0,0,0
-0,-0,-0,-0,0,0,0,0,0,0,0,0,0,-0,0,0,0,0,0,0,0,0,0,0,-0,0,0,0,0,0,0,0,0,0,0,0,0,0,0,-0,0,0,0,0,0,0,0,0,-0,0,0,-0,0,0,0,0,0,0,0
-0,-0,0,-0,0,-0,0,-0,-0,0,0,0,-0,-0,-0,4.78889465332031,-0,0,10.4266576766968,14.7422132492065,23.0511093139648,3.98888993263245,7.1133337020874,0,0,0,0,0,0,0,0,0,12.7422246932983,0,0,0,-0,-0,0,-0,5.72665739059448,0,0,19.1266746520996,0,0,12.6422309875488,7.56444311141968,15.2455549240112,10.373330116272,-0,-0,0,0,0,0,0,0,0
-0,-0,-0,-0,0,0,-0,0,-0,0,0,0,0,0,0,0,-0,-0,0,0,0,0,0,0,-0,0,0,0,0,0,0,0,0,0,0,0,0,0,0,0,-0,0,-0,0,-0,-0,0,9.24174022674561,-0,0,0,-0,0,0,0,0,0,0,0
0,0,0,0,0,-0,0,0,0,22.542501449585,0,0,0,0,0,0,0,0,0,0,0,0,0,0,-0,0,0,0,0,0,0,0,0,0,0,0,-0,-0,0,-0,-0,0,0,0,0,-0,0,-0,0,0,0,-0,0,-0,0,0,0,-0,0
-0,-0,-0,-0,0,-0,0,0,-0,0,0,0,0,0,0,0,-0,-0,0,0,0,0,0,0,-0,0,0,0,0,0,0,0,0,0,0,0,0,0,0,-0,0,0,-0,0,0,0,0,-0,-0,0,0,-0,0,0,0,0,0,0,0
-0,-0,-0,-0,0,0,0,0,-0,0,0,0,0,-0,-0,-0,0,0,0,0,0,0,0,0,0,0,0,0,0,0,0,0,0,0,-0,0,-0,-0,0,-0,-0,0,0,0,0,0,0,-0,-0,0,0,-0,0,0,0,0,0,0,0
-0,-0,-0,-0,0,0,0,0,-0,0,0,0,-0,-0,-0,0,0,-0,0,0,0,0,0,0,-0,0,0,0,0,0,0,0,0,0,0,0,0,-0,0,-0,0,0,-0,0,0,-0,0,-0,-0,0,8.69411849975586,-0,0,0,0,0,0,0,0
-0,-0,-0,-0,0,0,0,0,-0,0,0,0,0,0,0,0,-0,0,0,0,0,0,0,0,0,0,0,0,0,0,0,0,0,0,0,0,0,-0,0,-0,0,0,0,0,16.7013339996338,0,0,-0,-0,0,0,-0,0,0,0,0,0,0,0
-0,-0,-0,-0,0,-0,0,0,0,0,0,0,0,-0,-0,-0,0,0,0,0,0,0,0,0,0,0,0,0,0,0,0,0,0,0,-0,0,0,0,0,0,-0,-0,-0,0,0,-0,0,-0,-0,0,0,4.85411500930786,0,0,0,0,0,5.98470687866211,0
-0,-0,-0,-0,0,0,0,0,0,0,0,0,0,-0,-0,-0,0,0,-0,0,0,0,0,0,0,0,0,0,0,0,0,0,0,-0,0,0,-0,-0,0,0,-0,0,0,0,0,-0,0,-0,0,0,0,-0,0,0,0,0,0,0,-0
-0,-0,-0,-0,0,0,0,0,0,0,0,0,0,-0,-0,0,0,0,-0,0,0,0,0,0,-0,0,0,0,0,0,0,0,0,0,0,0,-0,-0,0,-0,-0,0,0,0,0,-0,0,-0,-0,0,0,0,0,-0,0,0,0,0,-0
0,0,0,0,0,0,0,0,0,0,0,0,0,0,0,-0,0,0,-0,0,0,0,0,0,-0,0,0,0,0,0,0,0,0,0,-0,0,-0,-0,-0,-0,-0,0,7.66000366210938,-0,-0,0,0,-0,0,0,0,-0,0,0,0,-0,0,-0,-0
-0,-0,0,-0,0,-0,0,0,0,0,0,0,0,-0,0,0,0,0,-0,0,0,0,0,11.1333417892456,-0,0,0,0,0,0,0,0,0,0,0,11.9166564941406,-0,-0,0,-0,-0,0,12.1833391189575,0,0,-0,0,-0,-0,0,0,-0,0,0,0,-0,0,0,-0
-0,-0,-0,-0,0,-0,0,0,-0,-0,0,0,0,0,0,0,-0,0,0,0,0,0,0,0,-0,0,0,0,0,0,0,0,24.6861534118652,0,0,0,0,0,0,0,0,0,0,13.3953838348389,0,-0,0,16.6320819854736,-0,0,0,-0,0,0,0,0,0,0,0
-0,-0,-0,-0,0,-0,0,0,-0,0,0,0,-0,-0,-0,-0,-0,0,0,0,0,0,0,0,-0,0,0,0,0,0,0,0,8.59537887573242,-0,0,0,-0,-0,0,-0,0,0,-0,13.4938373565674,0,-0,0,-0,7.81538486480713,0,0,-0,0,0,0,0,0,0,0
-0,-0,-0,-0,0,-0,0,0,-0,0,0,0,0,-0,-0,0,-0,0,-0,0,0,0,0,0,-0,0,0,0,0,0,0,0,0,0,0,0,0,-0,0,-0,-0,0,-0,0,0,0,0,-0,-0,21.1088905334473,0,-0,0,0,0,0,0,0,-0
-0,-0,-0,-0,0,-0,0,0,0,0,0,0,0,-0,-0,0,0,0,-0,0,0,0,0,0,-0,0,0,0,0,0,0,0,0,-0,0,0,0,-0,0,-0,-0,0,-0,0,0,-0,0,-0,0,29.104793548584,0,-0,0,0,-0,-0,0,-0,-0
0,0,0,0,0,0,0,0,0,0,0,0,0,0,0,0,0,0,-0,0,0,0,0,0,-0,0,0,0,0,0,0,0,0,0,0,0,-0,-0,0,-0,-0,0,-0,-0,0,-0,0,-0,-0,0,-0,-0,0,-0,0,-0,0,0,0
0,-0,0,0,0,0,0,0,0,0,0,-0,-0,-0,-0,-0,-0,-0,-0,0,0,-0,0,0,-0,0,0,0,0,0,0,0,-0,0,-0,0,-0,-0,-0,-0,-0,-0,-0,0,0,-0,0,-0,-0,0,-0,-0,0,-0,0,-0,0,0,0
-0,-0,-0,-0,0,-0,0,0,-0,0,0,0,0,0,-0,0,-0,0,0,0,0,-0,0,0,-0,0,0,0,0,0,0,0,0,0,0,0,0,0,0,0,0,0,-0,0,0,-0,0,-0,-0,0,-0,-0,0,0,0,0,0,0,0
-0,-0,-0,-0,0,0,0,0,-0,0,0,0,0,-0,-0,-0,-0,-0,0,0,0,0,0,0,-0,0,0,0,0,0,0,0,0,0,0,0,0,0,0,0,-0,0,-0,0,0,0,0,-0,-0,0,0,-0,0,0,0,0,0,0,0
-0,-0,-0,-0,0,0,-0,0,-0,-0,0,0,0,0,-0,0,-0,-0,0,0,0,0,0,0,-0,0,0,0,0,0,0,0,0,0,0,0,0,0,0,-0,0,0,0,0,0,0,0,0,0,0,-0,-0,0,0,0,0,0,0,0
-0,0,-0,-0,0,0,-0,-0,-0,-0,-0,0,-0,0,-0,0,-0,-0,0,0,0,0,0,0,-0,0,0,0,0,0,0,0,0,0,0,0,0,0,0,-0,5.10879898071289,0,-0,0,0,0,0,-0,-0,-0,-0,-0,0,0,0,10.3055982589722,0,0,9.96640110015869
-0,-0,-0,0,0,-0,0,0,-0,0,0,-0,0,-0,-0,-0,0,0,0,0,0,0,0,0,-0,0,0,0,0,0,0,0,0,0,0,0,-0,-0,0,-0,-0,-0,0,-0,0,-0,0,-0,-0,0,0,-0,0,0,0,0,0,0,0
-0,-0,-0,-0,0,0,-0,0,-0,-0,-0,0,0,0,-0,0,-0,0,0,0,0,0,0,0,-0,0,0,0,0,0,0,0,0,0,0,25.3349990844727,0,0,0,-0,0,0,0,0,0,0,0,-0,-0,0,0,-0,0,0,0,0,30.5966644287109,9.45166397094727,21.1610050201416
0,0,0,0,0,0,0,0,0,0,0,0,0,-0,-0,0,0,0,0,0,15.687050819397,0,9.20000171661377,9.07999897003174,-0,0,0,0,0,0,0,0,0,16.319995880127,0,0,-0,0,0,-0,-0,0,0,0,0,0,0,-0,0,0,0,-0,13.3835344314575,0,17.912956237793,0,17.870584487915,11.901180267334,0
-0,-0,-0,-0,-0,-0,0,0,-0,-0,-0,0,0,-0,-0,0,0,-0,-0,-0,-0,0,-0,-0,-0,0,0,0,0,0,0,0,-0,-0,0,0,-0,-0,0,0,-0,-0,-0,-0,-0,-0,0,-0,0,0,0,-0,0,0,-0,-0,0,-0,-0
-0,0,0,0,0,-0,0,0,0,0,0,0,-0,-0,0,0,0,0,-0,0,0,0,0,0,-0,0,0,0,0,0,0,0,0,0,0,0,-0,-0,0,-0,-0,0,-0,0,0,-0,0,-0,-0,0,-0,-0,0,-0,0,0,0,0,-0
