0,68.7231597900391,0,65.6210479736328,95.6052474975586,0,86.0157852172852,0,0,107.633689880371,0,0,80.8757934570312,0,82.8326416015625,0,0,0,0,0,0,0,0,0,0,0,0,0,0,-0,0,0,0,0,0,0,0,0,0,0,0,0,0,0,0,-0,0,0,0,0,0,0,0,0,0,0,0,0,0
34.0991668701172,63.2375068664551,103.552513122559,78.8041610717773,90.6658325195312,-0,72.9191665649414,109.139137268066,118.567497253418,111.796661376953,97.4108352661133,0,59.4183235168457,85.2300033569336,83.7858352661133,74.3474960327148,0,0,0,0,0,0,0,0,0,-0,13.7341766357422,0,0,-0,0,0,0,0,0,0,0,0,0,0,0,0,0,0,0,-0,0,0,0,0,0,0,0,0,0,0,0,0,0
0,36.8584747314453,58.4861602783203,0,0,0,41.4000053405762,49.3215522766113,78.6892318725586,0,58.275390625,-0,37.7492370605469,35.0323143005371,0,54.0015449523926,0,0,0,0,0,0,0,0,0,0,0,0,0,0,0,0,-0,21.9076862335205,-0,-0,-0,0,-0,0,0,0,0,-0,0,-0,0,-0,0,0,-0,-0,0,0,0,0,0,0,0
25.5974979400635,0,0,0,0,0,0,0,0,0,0,0,22.3262596130371,0,0,0,34.129997253418,0,0,0,0,0,0,0,0,0,0,0,-0,0,0,0,0,0,0,0,0,0,0,-0,-0,0,0,0,0,-0,0,0,0,11.9287452697754,0,0,0,0,0,0,0,0,0
24.1129360198975,0,0,0,0,0,0,0,0,0,0,0,0,0,0,0,20.5823516845703,0,0,0,0,0,0,0,0,0,0,0,0,-0,0,0,0,0,0,0,0,0,0,0,0,0,0,0,0,0,0,0,0,0,0,0,0,0,0,0,0,0,0
0,0,0,0,0,0,0,0,0,0,0,0,0,0,0,0,0,0,0,0,0,0,0,0,0,0,0,0,0,0,0,0,0,0,0,0,0,0,0,0,0,0,0,0,0,-0,0,-0,0,0,0,0,0,0,0,0,0,0,0
0,0,0,36.8699989318848,68.5825042724609,0,0,0,0,90.8949890136719,0,0,0,0,37.5474967956543,0,0,0,0,0,0,0,0,0,0,0,0,0,0,0,0,0,0,0,0,0,0,0,0,0,0,0,0,0,0,-0,0,0,0,0,0,-0,0,-0,0,0,0,0,0
0,46.8790054321289,95.0379867553711,29.5660057067871,95.3199920654297,-0,52.2249984741211,88.2360000610352,126.621994018555,67.0700073242188,112.33821105957,0,42.2430000305176,63.010986328125,27.8079986572266,74.7849960327148,0,0,0,0,0,0,0,0,0,0,0,0,0,-0,0,0,0,59.6899909973145,0,0,0,0,0,0,0,0,0,0,0,-0,0,0,0,0,0,0,0,0,0,0,0,0,0
39.9950065612793,57.7740058898926,34.7179985046387,0,0,0,0,38.197998046875,0,0,37.9679908752441,-0,0,21.8320007324219,0,0,0,0,0,0,0,0,0,0,0,-0,0,0,0,0,0,0,-0,13.07200050354,-0,-0,-0,0,-0,0,-0,0,0,-0,0,-0,0,-0,0,0,0,-0,0,0,0,0,0,0,0
0,0,0,0,0,0,0,0,103.174438476562,0,98.3500061035156,0,0,0,0,0,0,63.8723335266113,129.206649780273,108.608871459961,122.228897094727,0,104.620887756348,0,0,0,0,0,0,0,0,0,0,0,0,31.8222179412842,0,0,0,0,0,0,67.9100036621094,0,0,0,0,0,0,0,0,0,0,0,0,0,0,0,65.1833190917969
0,0,0,12.982494354248,0,0,0,0,58.603759765625,46.135009765625,56.4749946594238,0,0,0,0,0,13.5325012207031,22.5237617492676,56.5012550354004,49.9612503051758,54.317497253418,43.5262451171875,38.0275001525879,8.78749465942383,0,0,20.5499954223633,43.0775032043457,11.7399978637695,0,19.3112564086914,67.9062576293945,12.8737525939941,30.5924949645996,0,13.4500007629395,21.1137390136719,23.9799919128418,0,0,0,9.7137565612793,0,15.0537452697754,0,0,23.3024978637695,0,20.5674896240234,11.4975051879883,10.6249980926514,0,41.0112533569336,0,36.3762626647949,31.5625076293945,36.0712432861328,24.185001373291,37.6749877929688
0,0,0,0,0,-0,0,0,164.764678955078,41.2259941101074,69.0829925537109,0,0,0,0,80.6280059814453,110.00700378418,21.3870029449463,0,0,0,0,0,0,0,0,0,0,0,0,0,37.476993560791,0,0,0,0,0,0,0,0,0,0,0,0,0,-0,0,0,0,27.8380069732666,63.932201385498,0,0,0,0,95.5921936035156,0,0,98.3817443847656
0,43.6907234191895,57.4785346984863,0,0,0,22.8775596618652,24.3502407073975,0,56.49853515625,43.3531723022461,-0,36.8160972595215,24.5380477905273,35.4375610351562,77.7121810913086,0,18.0907402038574,0,0,0,0,0,0,0,0,0,0,0,0,0,0,0,0,0,0,0,0,0,0,-0,0,0,-0,0,-0,0,0,6.01560258865356,0,-0,5.28536176681519,0,0,0,0,0,28.8263454437256,0
0,0,0,0,0,0,0,0,0,76.2876281738281,0,0,0,0,0,0,0,0,0,0,0,0,0,43.6076240539551,61.2219123840332,0,0,0,0,0,0,0,0,0,0,0,0,38.9133262634277,0,0,0,-0,41.7523880004883,0,0,0,0,0,0,0,17.999044418335,0,0,0,0,69.3457183837891,0,0,0
0,0,0,36.3444442749023,0,0,0,0,0,86.0111236572266,0,0,0,0,51.0166778564453,0,0,0,0,0,0,0,0,0,0,0,0,0,0,0,0,0,0,0,0,0,0,0,0,0,-0,0,0,0,0,-0,0,0,0,0,0,0,0,0,0,0,0,0,0
30.1950168609619,40.5683288574219,0,56.8116607666016,0,0,45.5233268737793,0,47.0216484069824,80.9233322143555,44.1283264160156,-0,39.8083305358887,0,63.9283294677734,0,25.9200038909912,24.1483402252197,0,25.911657333374,0,0,0,0,0,0,0,0,-0,-0,0,0,0,0,0,0,0,0,0,0,0,0,0,0,0,-0,0,0,0,0,0,0,0,-0,0,0,0,0,0
0,0,41.8046264648438,0,39.3630714416504,0,26.3861560821533,44.8030738830566,69.8046112060547,0,65.4507675170898,0,0,29.2753944396973,0,43.5984649658203,17.8307723999023,0,0,0,0,0,0,0,0,0,0,0,0,0,0,0,0,31.3446178436279,0,0,0,0,0,0,0,0,0,0,0,-0,0,0,0,0,0,0,0,0,0,0,0,0,0
0,0,0,0,0,-0,0,0,0,66.089241027832,27.8907794952393,0,0,0,0,0,0,0,0,0,0,0,0,0,0,0,0,0,0,-0,0,0,0,0,0,0,0,0,0,0,-0,-0,0,0,0,-0,0,0,0,0,0,-0,0,-0,0,0,0,0,0
0,0,0,0,16.241340637207,0,0,0,0,0,32.5493316650391,0,0,0,0,0,0,0,0,0,0,0,0,0,0,0,0,0,-0,0,0,0,0,0,0,0,0,0,0,-0,-0,-0,0,0,-0,-0,0,0,-0,0,0,0,0,0,0,0,0,0,0
0,0,0,0,21.3742828369141,0,0,0,0,0,30.401912689209,0,0,0,0,0,0,0,0,0,0,0,0,0,0,0,0,0,-0,0,0,20.1676254272461,0,0,0,0,0,0,0,0,-0,0,0,0,0,-0,0,0,0,0,-0,0,0,-0,0,0,0,0,0
0,0,27.0789413452148,0,0,0,0,0,0,0,85.1568374633789,0,0,0,0,0,0,0,0,0,0,0,0,0,0,0,0,0,0,0,0,0,0,0,0,0,0,0,0,0,0,0,0,0,0,-0,0,0,0,0,0,0,0,0,0,0,0,0,0
0,0,0,22.6687469482422,16.4112510681152,0,0,0,25.6175117492676,56.4825019836426,55.5199928283691,0,0,0,15.8600082397461,0,0,0,0,0,0,0,0,0,0,0,0,0,0,0,0,0,0,0,0,0,0,0,0,0,0,0,0,0,0,-0,0,0,0,0,0,0,0,0,0,0,0,0,0
0,0,0,0,0,0,0,0,0,0,31.8436260223389,0,0,0,0,0,0,0,0,0,0,0,0,0,0,0,0,0,-0,0,0,0,0,0,0,0,0,0,0,0,0,0,0,0,0,-0,0,0,0,0,-0,0,0,-0,0,0,0,0,0
0,0,0,0,-0,41.7903289794922,0,0,0,0,0,0,0,0,0,0,0,0,0,0,0,0,0,0,0,0,0,0,0,0,0,0,0,0,0,0,0,0,0,0,0,0,0,0,0,-0,0,0,0,0,26.14133644104,0,0,0,0,0,0,0,0
25.9945507049561,0,0,0,0,29.278169631958,0,0,0,0,0,-0,0,0,0,0,22.9163627624512,0,0,0,0,0,0,0,0,-0,11.4618196487427,0,0,0,0,0,-0,0,-0,-0,-0,14.0618124008179,-0,0,0,0,0,-0,10.029091835022,-0,0,-0,0,0,-0,-0,-0,0,0,0,0,0,0
0,0,0,0,0,0,0,0,0,0,0,-0,0,0,0,0,0,0,0,0,0,0,0,0,0,-0,0,0,0,0,0,0,-0,0,-0,-0,-0,0,-0,0,0,0,0,-0,0,0,0,-0,0,0,0,-0,-0,0,0,0,0,-0,0
0,28.9066677093506,15.6828584671021,34.8114242553711,15.4438123703003,0,34.2342948913574,0,0,67.4647521972656,0,0,31.7571468353271,0,46.6971473693848,0,0,0,0,0,0,0,0,0,0,0,0,0,-0,-0,-0,0,0,0,0,0,0,0,0,0,-0,0,0,0,0,-0,0,0,0,0,0,0,0,0,0,0,0,0,0
0,0,-0,0,-0,0,0,0,0,0,0,17.0609111785889,16.665454864502,0,14.7536430358887,66.4581985473633,0,0,106.077278137207,90.6127243041992,79.819091796875,59.9763641357422,67.6090927124023,0,0,0,0,0,0,-0,0,0,59.9372787475586,0,0,0,0,0,0,0,25.6981792449951,0,0,75.1881790161133,42.7618217468262,0,0,51.3145408630371,0,18.6154499053955,0,0,0,0,0,0,59.5518188476562,0,53.0209083557129
0,0,0,0,0,0,0,0,0,0,67.214111328125,29.3128833770752,0,0,0,0,0,0,54.1647071838379,87.5905990600586,54.8958854675293,45.6911773681641,50.5029411315918,41.068229675293,0,0,0,0,0,0,-0,0,8.34352588653564,0,0,0,0,0,0,0,0,0,0,0,0,-0,0,0,0,0,0,0,0,8.30000782012939,0,0,0,0,0
0,0,0,0,0,0,0,0,0,0,0,0,0,0,0,0,0,0,0,0,0,0,0,0,0,0,0,0,0,0,0,0,0,0,0,0,0,0,0,0,0,0,0,0,0,-0,0,0,0,0,0,0,0,0,0,0,0,0,0
0,94.1257629394531,0,109.167694091797,0,0,97.1919555664062,0,0,135.872787475586,0,0,95.6089172363281,0,128.571228027344,0,0,0,0,0,0,0,0,0,0,0,0,0,0,0,0,33.0063972473145,-0,0,0,0,0,0,0,0,-0,0,0,0,0,-0,0,-0,0,47.5343933105469,0,-0,0,0,0,0,0,0,0
0,34.9228553771973,17.7271385192871,42.7585525512695,16.4471435546875,0,0,0,0,69.2799987792969,0,0,0,0,51.8242874145508,0,0,0,0,0,0,0,0,0,0,0,0,0,0,0,-0,0,0,0,0,0,0,0,0,0,-0,0,0,0,-0,-0,0,0,0,0,0,0,0,0,0,0,0,0,0
0,0,0,0,0,0,0,0,0,0,0,0,0,0,0,0,0,0,0,0,0,0,0,0,0,0,0,0,0,0,0,0,-0,0,0,0,0,0,0,0,-0,0,0,0,0,-0,0,0,0,0,0,0,0,-0,0,0,0,0,0
117.475616455078,51.5572547912598,0,0,0,0,63.1125450134277,0,0,0,50.8117637634277,0,66.4039306640625,0,0,0,108.908615112305,0,0,44.5650901794434,34.5427436828613,35.7905883789062,0,0,0,0,0,0,0,0,0,0,0,0,0,0,0,0,0,0,0,0,0,0,0,-0,0,0,0,65.7062377929688,0,0,10.4815711975098,0,0,0,0,11.5588235855103,0
0,0,15.8213300704956,0,0,0,0,0,75.5746612548828,0,0,0,0,0,0,28.1186637878418,0,0,0,0,0,0,0,0,0,0,0,0,-0,0,0,0,0,0,0,0,0,0,0,0,0,0,0,0,0,-0,0,0,0,0,0,-0,0,0,0,0,0,0,0
0,0,0,0,0,0,0,0,0,0,0,0,0,0,0,0,0,0,0,0,0,0,0,0,0,0,0,0,0,0,0,0,0,0,0,0,0,0,0,0,0,0,0,0,0,-0,0,0,0,0,0,0,0,0,0,0,0,0,0
0,57.6700096130371,96.3482666015625,58.5985679626465,68.5114135742188,-0,65.2071533203125,90.4114456176758,106.750015258789,80.9971389770508,82.6385650634766,0,0,69.7221374511719,55.2271347045898,62.3371467590332,0,0,0,0,0,0,0,0,0,0,0,0,0,0,0,0,0,0,0,0,0,0,0,0,0,0,0,0,0,-0,0,0,0,0,0,0,0,0,0,0,0,0,0
0,0,0,0,0,0,0,0,40.9649925231934,0,0,0,0,0,0,28.6816635131836,0,0,0,0,0,0,0,0,0,0,0,0,-0,0,0,0,0,0,0,0,0,0,0,0,-0,0,0,0,0,-0,0,0,0,0,0,0,0,0,0,0,0,0,0
-0,0,-0,-0,-0,0,21.5859985351562,19.3360042572021,0,0,0,0,0,0,0,0,0,0,0,0,0,0,0,0,0,0,0,0,0,-0,0,0,0,0,0,0,0,0,0,0,0,0,0,0,0,-0,0,0,0,19.8660087585449,0,0,0,0,0,0,0,0,0
79.7275543212891,75.7826995849609,43.1064910888672,45.6162109375,0,0,78.0662460327148,35.7778396606445,119.143226623535,82.1913681030273,0,7.11946392059326,75.9385681152344,0,50.2421531677246,0,0,0,0,70.74755859375,37.4156799316406,40.6816177368164,36.3983764648438,0,0,0,0,0,0,0,0,0,0,0,0,0,0,0,0,0,0,0,0,0,0,-0,0,0,0,0,0,0,0,0,0,0,0,0,0
18.2173938751221,48.0147743225098,0,61.0547714233398,46.7860794067383,-0,59.8330497741699,0,0,84.9391326904297,43.4504356384277,0,57.3504371643066,0,65.4026031494141,0,0,0,0,0,0,0,20.4652080535889,0,0,0,0,0,0,0,0,0,0,0,0,0,0,0,0,0,0,0,0,0,0,-0,0,0,0,0,0,0,0,0,0,0,0,0,0
0,36.283332824707,46.6888885498047,60.9399948120117,69.9644470214844,-0,33.89111328125,33.7577667236328,89.5766754150391,82.6711120605469,76.7711029052734,0,24.3288974761963,15.1188850402832,68.4977722167969,57.3266754150391,0,0,0,0,0,0,0,0,0,0,0,0,0,0,0,0,0,0,0,0,0,0,0,0,-0,0,0,0,0,-0,0,0,0,0,-0,0,0,0,0,0,0,0,0
0,0,0,0,0,0,0,0,0,0,0,0,9.54782199859619,0,0,93.485237121582,-0,0,122.214698791504,100.36434173584,57.7886924743652,0,0,0,0,0,0,0,0,-0,0,0,98.7406997680664,0,0,60.3460731506348,40.0391311645508,0,0,0,26.7756462097168,0,0,91.168327331543,17.553050994873,-0,0,87.2451324462891,-0,8.26174259185791,0,16.7095699310303,0,38.9843521118164,0,56.4652252197266,103.70125579834,0,67.5974044799805
0,0,0,0,0,0,0,0,45.0066528320312,0,28.0716648101807,0,0,0,0,30.727502822876,0,0,0,0,0,0,0,0,0,0,0,0,-0,0,0,0,0,0,0,0,0,0,0,0,-0,-0,0,0,-0,-0,0,-0,0,0,-0,0,0,0,0,0,0,0,0
0,71.5776824951172,0,0,0,0,0,0,141.685394287109,0,0,0,0,0,0,131.784576416016,0,10.5415296554565,0,0,0,0,0,0,0,0,0,0,0,0,0,42.2915420532227,0,0,0,0,0,0,0,0,0,0,0,0,0,-0,0,-0,0,0,0,0,0,0,0,0,0,0,0
0,0,0,0,0,0,0,0,0,0,0,0,0,0,0,0,82.7030792236328,0,0,0,0,0,0,0,0,0,0,0,0,0,0,0,0,0,0,0,0,0,0,0,0,0,0,0,0,-0,0,0,0,0,0,0,0,0,0,0,0,0,0
0,0,0,0,0,-0,0,0,129.650238037109,0,0,0,0,0,0,40.1568832397461,130.332702636719,0,0,0,0,0,0,0,0,0,0,0,0,0,0,0,0,0,0,0,0,0,0,0,0,0,0,0,0,-0,0,0,0,0,33.5608901977539,0,0,0,0,0,0,0,0
0,0,0,0,0,0,0,0,97.4626617431641,0,57.0760040283203,0,0,0,0,0,103.30997467041,0,0,0,0,0,0,0,0,0,0,0,0,0,0,0,0,0,0,0,0,0,0,0,0,0,0,0,0,-0,0,0,0,23.2433300018311,36.9686622619629,0,0,0,0,0,0,0,0
0,0,0,0,0,0,0,0,76.9983291625977,0,89.2766799926758,0,0,0,0,0,0,33.185001373291,89.7983322143555,55.5366706848145,103.468322753906,65.3550033569336,94.4130020141602,0,0,0,0,0,0,-0,0,0,0,0,0,0,0,0,0,0,0,0,52.7866630554199,0,0,0,0,0,0,0,0,0,0,0,0,0,0,0,0
0,0,0,0,0,0,0,0,0,0,0,-0,0,0,0,0,0,30.4723129272461,0,0,0,0,0,0,0,0,0,0,0,0,0,0,0,0,0,0,0,0,0,0,0,0,0,0,0,-0,0,0,0,0,0,0,0,0,0,0,0,0,0
0,0,-0,0,0,0,0,0,0,0,0,0,0,0,0,0,0,39.544002532959,0,0,0,39.613338470459,35.1493339538574,0,0,0,0,0,0,-0,0,0,0,0,0,50.4533271789551,0,0,0,0,0,0,0,0,0,0,0,0,0,0,0,0,0,0,0,0,0,0,0
0,0,0,0,0,0,0,0,0,0,0,0,0,0,0,0,0,0,0,111.457695007324,0,0,0,59.2853736877441,49.4384574890137,0,0,0,0,-0,0,0,0,0,0,0,0,0,0,0,0,0,0,0,0,-0,0,0,0,0,40.6730804443359,0,0,0,0,0,0,0,0
0,0,0,0,0,0,0,0,0,0,0,0,0,0,0,0,0,0,0,0,46.7152442932129,54.7247619628906,43.6999931335449,0,0,0,0,0,0,-0,0,0,0,0,0,0,0,0,0,0,0,0,0,0,0,-0,0,0,0,0,0,0,0,0,0,0,0,0,0
0,0,0,0,0,0,30.5276966094971,32.0215377807617,0,44.9230728149414,32.1307716369629,0,0,0,0,0,0,23.687686920166,56.364616394043,68.1984405517578,54.0230674743652,33.833854675293,20.4123020172119,0,0,0,0,0,0,0,0,0,31.7677040100098,0,0,0,0,0,0,0,0,0,0,0,0,-0,0,0,0,13.9092407226562,0,0,0,17.6923122406006,0,26.4538478851318,0,0,47.5861587524414
0,0,0,0,0,0,0,0,0,0,0,0,0,0,0,0,0,0,121.294662475586,109.284385681152,119.594009399414,87.2410659790039,103.626411437988,36.3093376159668,0,0,0,0,0,0,0,0,0,46.3759880065918,0,0,0,0,0,0,0,0,0,36.2946701049805,0,0,62.2093276977539,0,0,0,0,0,0,0,0,0,0,0,0
0,0,0,0,0,0,0,0,0,0,0,0,0,0,0,0,0,0,0,0,0,71.6999969482422,0,0,0,0,0,0,0,0,0,0,0,0,0,0,0,0,0,0,0,0,0,0,0,0,0,0,0,35.2364654541016,0,0,0,0,0,0,0,0,0
0,-0,0,-0,-0,0,0,0,0,0,0,0,0,-0,-0,0,-0,0,0,0,0,0,0,0,0,0,0,0,-0,-0,0,0,0,0,0,0,0,0,0,0,-0,0,0,0,0,-0,0,-0,-0,-0,-0,0,0,0,0,0,0,0,0
0,0,0,0,0,0,0,0,0,0,0,0,0,0,0,0,0,0,0,0,0,0,0,0,0,53.6617279052734,67.211296081543,71.28173828125,0,49.7174034118652,33.7139167785645,69.2373886108398,0,0,0,0,0,0,0,0,0,0,0,0,0,-0,0,0,0,0,0,0,0,0,0,0,0,0,0
0,0,0,0,0,0,0,0,0,0,0,0,0,0,0,0,0,0,0,0,0,0,0,0,0,18.4890880584717,15.2036409378052,68.5727310180664,0,0,24.6709041595459,31.8163585662842,0,13.4327249526978,0,0,0,14.5754613876343,0,0,0,0,0,0,0,-0,0,0,0,0,0,0,23.7509098052979,0,69.5312576293945,72.5463562011719,0,48.1099967956543,63.8718147277832
-0,-0,-0,0,-0,0,19.9535694122314,0,51.4978561401367,0,0,0,0,0,0,0,0,0,0,0,0,0,0,0,0,6.6692852973938,23.1642913818359,14.9400014877319,0,-0,26.3521404266357,66.7571487426758,0,0,0,0,0,0,0,0,0,0,0,0,0,-0,0,0,0,0,0,0,0,0,0,46.8171463012695,0,0,0
0,0,0,0,0,0,0,0,0,0,0,0,0,0,0,0,0,0,0,0,0,0,0,0,0,0,23.4709148406982,0,0,0,20.0345573425293,68.9109039306641,0,0,0,0,0,0,0,0,0,0,0,0,0,-0,0,0,0,0,0,0,0,0,0,40.301815032959,0,0,0
0,0,0,0,0,0,36.8541030883789,0,0,0,0,-0,0,0,0,0,0,0,0,0,0,0,0,0,0,0,0,0,10.4294109344482,0,0,80.9600067138672,0,0,0,0,0,0,0,0,0,0,0,0,0,-0,0,0,0,0,0,0,0,0,0,0,0,0,0
0,0,0,0,0,0,0,0,0,0,0,-0,-0,-0,-0,-0,0,0,0,0,0,0,0,0,0,0,0,59.8500022888184,6.02946853637695,0,0,128.796096801758,0,0,0,0,0,0,0,0,0,0,0,0,0,-0,0,0,0,0,0,0,0,0,0,0,0,0,0
0,0,0,0,0,0,0,0,0,0,0,-0,0,0,0,0,0,0,0,0,0,0,0,0,0,27.536304473877,37.0474090576172,43.4214782714844,0,26.776294708252,15.5977830886841,0,0,0,0,0,0,0,0,0,0,0,0,0,0,-0,0,0,0,0,0,0,0,0,0,0,0,0,0
0,0,0,0,0,0,27.3820953369141,0,0,44.6821098327637,0,0,0,0,0,0,0,0,0,0,0,0,0,0,0,10.288426399231,0,11.5163154602051,21.1268444061279,0,0,34.5531578063965,0,0,0,0,0,0,0,0,0,0,0,0,0,-0,0,0,0,0,0,0,0,0,0,0,0,0,0
0,0,-0,0,-0,0,0,0,0,0,0,0,0,0,0,0,0,21.5455665588379,0,0,0,0,0,0,0,0,0,0,14.8466558456421,0,0,0,0,0,0,0,0,0,0,0,0,0,0,0,0,0,0,0,0,0,0,0,36.9433441162109,0,0,0,0,0,0
0,0,0,0,0,0,0,0,0,0,0,0,0,0,0,0,0,0,0,0,0,0,0,0,0,0,4.79374504089355,0,-0,-0,0,0,0,0,0,0,0,0,0,0,0,0,0,0,0,-0,0,0,0,0,0,0,0,0,0,0,0,0,0
0,0,0,0,0,0,0,0,0,0,0,0,0,0,0,0,0,0,0,0,0,0,0,0,0,6.2628607749939,9.7428503036499,28.6985683441162,0,0,9.41428089141846,0,0,0,0,0,0,0,0,0,0,0,0,0,0,-0,0,0,0,0,0,0,0,0,0,0,0,0,0
0,0,-0,0,-0,0,0,0,0,0,0,-0,0,-0,-0,0,0,0,0,0,0,0,0,0,0,7.74526023864746,8.72947597503662,29.4726409912109,-0,0,8.33368396759033,0,0,0,0,0,0,0,-0,0,-0,-0,-0,-0,0,-0,0,-0,-0,0,0,-0,0,0,0,0,0,0,0
0,0,0,0,0,0,0,0,0,0,0,0,0,0,0,0,0,0,0,0,0,0,0,0,0,0,0,0,0,-0,-0,0,0,0,29.8126277923584,0,0,0,0,0,0,0,0,0,0,0,0,0,0,0,0,0,0,0,0,0,0,0,0
-0,0,0,0,0,0,0,0,44.7616119384766,0,53.9783821105957,0,0,0,0,0,0,0,104.671875,80.5946044921875,52.0518913269043,0,0,0,0,0,0,0,0,0,0,0,0,0,64.9275665283203,74.3762130737305,41.5221633911133,0,0,0,33.7129745483398,0,0,0,0,0,0,0,0,0,0,0,0,0,51.6108131408691,0,71.9210739135742,33.3102722167969,42.3486480712891
0,0,0,0,0,0,0,0,0,0,0,0,0,0,0,0,0,0,0,0,0,0,0,0,0,0,0,0,0,-0,0,0,0,0,38.1537551879883,49.6424865722656,30.322509765625,0,0,0,0,0,0,0,0,0,0,0,0,0,0,0,0,0,0,0,0,13.6700019836426,0
0,-0,-0,-0,0,0,0,0,0,0,0,0,0,0,0,0,0,0,0,0,0,0,0,0,0,0,0,0,0,-0,0,0,0,0,28.6173324584961,0,0,0,0,0,0,0,0,0,0,-0,0,0,0,0,0,0,0,0,0,0,0,0,0
0,0,-0,0,-0,0,0,0,0,0,0,0,0,0,0,0,0,0,0,0,0,0,0,0,0,0,0,0,0,-0,0,0,0,0,45.791576385498,0,51.7515716552734,0,0,0,0,43.5810508728027,0,0,0,-0,0,0,-0,0,0,0,0,0,0,0,0,0,0
0,0,0,0,0,0,0,0,53.2249946594238,0,64.932014465332,0,0,0,0,37.7459945678711,0,0,120.258987426758,0,80.2799911499023,40.4099960327148,64.3860092163086,0,0,0,0,0,0,0,0,0,19.3740081787109,0,40.8299980163574,91.2350006103516,28.4109992980957,0,46.3979949951172,0,48.5690040588379,0,0,20.5509986877441,0,0,35.7909927368164,0,0,0,0,0,44.2750015258789,0,0,29.4329948425293,91.8840026855469,22.220006942749,58.5530014038086
0,0,0,0,0,0,0,0,0,0,0,0,0,0,0,0,0,0,0,0,0,0,0,0,0,0,0,0,0,-0,0,0,0,0,26.8976364135742,50.3011741638184,0,0,47.0823516845703,0,0,0,0,0,0,0,0,0,0,0,0,0,0,0,0,0,0,0,0
-0,0,-0,-0,-0,0,0,0,0,0,0,0,0,0,0,0,0,0,0,0,0,0,0,0,0,0,0,0,0,-0,0,0,17.0454521179199,0,0,46.9472694396973,37.5518226623535,24.5027179718018,0,0,0,28.1745414733887,0,0,0,-0,0,0,0,0,0,0,0,0,0,0,0,0,0
0,0,0,-0,0,0,0,0,0,0,0,0,0,0,0,0,-0,0,0,0,0,0,0,0,0,0,0,0,0,-0,0,0,0,0,0,0,31.9523773193359,0,0,0,0,19.3523845672607,0,0,0,-0,0,0,0,0,0,0,0,21.5323791503906,0,0,0,0,0
0,0,0,0,0,0,0,0,0,0,0,0,0,0,0,0,0,0,0,0,0,0,0,0,0,0,0,0,0,0,0,0,0,0,0,0,0,0,52.9212532043457,32.4725036621094,0,0,0,0,0,0,0,0,0,0,0,0,0,0,0,0,0,0,0
0,0,0,0,0,0,0,0,0,0,0,0,0,0,0,0,0,0,0,0,0,0,0,0,0,0,0,0,0,0,0,0,0,0,0,44.7630386352539,0,0,86.1407012939453,0,0,0,0,0,0,-0,0,0,0,0,0,0,0,0,0,0,0,0,0
0,0,0,0,0,8.54866409301758,24.9573345184326,46.4140014648438,77.5526657104492,69.3666687011719,78.1534729003906,17.3379936218262,0,10.7006645202637,32.4186668395996,69.7819976806641,0,18.5193347930908,110.587890625,97.5236663818359,80.8060073852539,70.9794998168945,0,69.7375335693359,39.3153266906738,0,0,0,0,0,8.60866641998291,26.7160015106201,0,74.783805847168,0,65.897331237793,88.2136688232422,85.7201690673828,0,0,0,44.145206451416,73.7518539428711,49.1433334350586,0,3.65799760818481,68.5646286010742,44.5586624145508,52.5958404541016,0,0,0,91.4691314697266,24.0946655273438,33.137996673584,85.038948059082,75.1653289794922,88.0112457275391,81.3714981079102
0,0,0,0,0,0,0,0,0,0,0,0,14.4035558700562,0,0,0,0,0,0,0,0,27.0000057220459,0,0,0,0,0,0,0,0,0,0,0,0,14.6555595397949,43.7866706848145,30.2955627441406,21.9320011138916,36.9528846740723,41.0121726989746,26.1133346557617,17.5168857574463,0,0,0,-0,0,0,0,12.2426652908325,0,0,56.3995552062988,0,51.4656448364258,0,52.0804481506348,52.6817779541016,0
0,0,0,0,0,0,0,0,0,0,0,0,0,0,0,0,0,0,0,0,0,0,0,0,0,0,0,0,0,-0,0,0,0,0,0,0,0,0,51.3500099182129,47.6967239379883,0,0,0,0,0,0,0,0,0,0,0,0,0,0,0,0,0,0,0
-0,-0,-0,0,0,0,0,0,0,0,0,-0,0,0,0,0,0,0,0,0,0,0,0,0,0,0,0,0,-0,-0,0,0,19.5830821990967,0,0,0,0,0,0,0,0,0,0,0,0,-0,0,0,0,0,0,11.3969306945801,0,16.49538230896,0,0,0,0,0
0,0,0,0,0,0,0,0,0,0,0,0,0,0,0,0,0,0,36.8349990844727,0,0,0,0,0,0,0,0,0,0,-0,0,0,0,61.2099914550781,0,0,23.8775081634521,21.6249904632568,17.4487400054932,0,0,31.7849979400635,0,0,0,-0,18.8487453460693,0,0,23.519998550415,0,0,39.8025016784668,18.0687580108643,34.2050094604492,32.4512367248535,24.8587474822998,30.1849956512451,40.3624954223633
0,-0,0,-0,0,0,14.4388933181763,15.2211103439331,27.6499977111816,26.5644493103027,22.4844436645508,0,0,0,0,27.8133316040039,0,0,33.8111114501953,20.403341293335,0,0,0,0,0,0,0,0,0,-0,0,0,42.5889015197754,57.5022239685059,18.1766796112061,35.5855522155762,36.9966659545898,44.4855537414551,0,0,0,30.8666648864746,0,34.9622230529785,0,-0,26.6044425964355,0,0,0,0,0,32.0011100769043,20.9333324432373,23.3011093139648,22.0722198486328,0,0,29.0633411407471
-0,0,0,0,-0,0,0,0,0,0,0,0,0,0,0,0,0,0,0,0,0,0,0,0,0,-0,0,0,0,-0,0,0,0,0,0,0,0,0,0,0,0,0,0,0,0,0,0,0,0,0,0,0,0,0,0,0,0,0,0
0,-0,0,0,-0,0,0,0,0,0,0,0,0,0,0,0,0,0,0,0,0,0,0,0,0,0,0,0,5.76874923706055,-0,0,35.4787445068359,0,0,30.636251449585,0,53.7237586975098,63.7712516784668,0,0,0,42.8762512207031,0,0,0,0,0,0,0,0,0,0,0,0,0,58.622501373291,0,0,80.9900054931641
0,0,0,-0,-0,0,0,0,0,0,0,0,0,0,0,0,0,0,0,0,0,0,0,0,0,-0,0,0,0,-0,-0,0,0,0,0,0,0,0,0,0,0,0,0,0,0,-0,0,0,0,0,0,0,0,0,0,0,0,0,0
0,0,0,0,0,0,0,0,51.6905364990234,0,53.7999877929688,0,30.6368446350098,0,0,32.5663146972656,0,0,80.5631561279297,57.2326393127441,49.3484191894531,0,23.269474029541,0,0,0,0,0,0,0,0,0,17.9052696228027,0,20.6789455413818,67.3589477539062,55.701057434082,35.5915794372559,0,24.2726402282715,0,54.8328475952148,0,17.1599979400635,0,-0,36.4620971679688,0,0,0,0,0,55.1894721984863,0,60.154727935791,52.4473609924316,52.670524597168,30.9105262756348,61.0631561279297
0,0,0,0,0,0,0,0,0,0,0,0,0,0,0,0,0,0,0,0,0,0,0,0,0,0,0,0,0,0,0,0,0,0,0,0,0,0,0,0,0,0,0,0,0,-0,0,24.57200050354,0,0,0,0,0,0,0,0,0,0,0
0,0,0,0,0,0,0,0,0,52.9388885498047,0,0,0,0,0,0,0,0,0,0,0,0,0,32.0127716064453,25.7050037384033,0,0,0,0,-0,-0,0,0,0,0,0,0,0,0,0,0,0,0,0,0,0,0,0,0,16.6850070953369,47.9688873291016,0,0,0,0,31.21999168396,0,0,0
0,0,0,0,0,0,0,0,0,0,0,0,0,0,0,0,0,0,0,0,0,0,0,0,0,0,0,0,0,-0,0,0,0,0,0,85.8496246337891,0,17.8555526733398,0,0,0,0,0,0,0,-0,0,0,0,0,52.834300994873,0,0,0,0,0,0,0,0
0,0,0,0,0,0,0,0,0,0,0,0,0,0,0,0,0,0,0,0,0,0,0,0,0,0,0,0,0,-0,0,0,0,0,0,0,0,0,0,0,0,0,0,28.8917636871338,0,0,14.894118309021,0,0,0,0,0,0,0,0,0,0,0,0
0,0,0,0,-0,0,39.2526359558105,53.713680267334,86.5189361572266,63.3978996276855,67.8873672485352,0,0,0,0,0,-0,63.0610618591309,131.734725952148,120.795356750488,69.2926254272461,18.1305236816406,0,25.9726371765137,43.2252655029297,-0,0,0,0,-0,0,0,19.7221050262451,0,0,0,0,0,0,0,0,0,0,0,0,-0,0,0,0,0,12.5400037765503,0,0,27.2694702148438,0,65.4726333618164,73.1199951171875,0,82.4905242919922
0,0,0,0,0,0,0,0,0,0,0,0,0,0,0,0,0,0,0,0,0,0,0,0,0,0,0,0,-0,-0,0,0,0,0,0,0,0,0,0,0,-0,0,0,0,0,-0,0,0,-0,0,0,0,0,0,0,0,0,0,0
0,0,-0,0,-0,0,0,0,0,0,0,0,0,0,0,0,0,0,0,0,0,0,0,0,0,0,0,0,0,-0,0,0,0,0,0,0,0,0,0,0,0,0,0,0,0,-0,0,0,-0,0,0,0,0,0,0,0,0,0,0
0,0,0,-0,-0,0,0,0,0,0,0,0,0,0,0,0,0,0,0,0,0,0,0,0,0,0,0,0,0,-0,0,0,0,0,0,0,0,0,0,0,0,0,-0,0,0,-0,0,0,0,0,0,0,0,0,0,0,0,0,0
0,0,0,0,0,0,0,0,0,0,0,0,0,0,0,0,0,0,0,0,0,0,0,0,0,0,0,0,0,-0,0,0,0,0,0,0,0,0,0,0,0,0,0,0,14.4558382034302,-0,0,0,0,0,0,0,0,0,0,0,0,0,0
0,0,0,0,0,0,0,0,43.0862503051758,0,0,0,0,0,0,44.1737632751465,0,0,86.7912521362305,76.8487396240234,66.9525146484375,55.7800064086914,42.6475067138672,0,0,0,0,0,0,-0,0,0,0,0,0,0,0,0,0,0,0,0,0,36.7187461853027,0,21.9462432861328,44.7487487792969,0,0,0,0,0,0,0,29.9362525939941,0,47.4699935913086,24.8375053405762,57.642505645752
0,-0,-0,0,-0,0,0,0,0,0,0,0,0,0,0,0,0,0,109.04296875,0,0,0,0,0,0,0,0,0,0,-0,0,0,60.91259765625,0,0,0,0,0,0,0,0,0,0,72.5155563354492,49.362964630127,0,0,0,35.4866676330566,0,0,0,0,30.2488880157471,0,0,0,0,0
-0,0,0,0,-0,0,0,0,66.2942123413086,0,66.1189422607422,0,0,0,0,0,0,19.0589447021484,106.564743041992,87.5968399047852,73.8426208496094,40.5810508728027,48.6594696044922,0,0,-0,0,0,0,-0,0,0,0,0,0,0,0,0,0,0,0,0,13.6589479446411,45.3094749450684,0,26.6697940826416,0,0,0,0,0,0,0,0,0,0,0,26.0521049499512,0
-0,0,0,0,0,0,0,0,0,0,0,0,0,0,0,28.8947830200195,0,0,0,0,0,0,0,0,0,-0,0,0,0,-0,0,0,0,59.9791297912598,29.0447845458984,73.2765197753906,42.1060829162598,0,0,0,52.2395668029785,0,0,19.8213043212891,60.824779510498,-0,22.1965179443359,0,0,0,0,0,0,0,0,0,61.8321685791016,0,0
0,0,0,0,0,0,0,0,0,0,0,0,0,0,0,0,0,0,0,0,0,0,0,0,0,0,0,0,0,0,0,0,0,0,0,30.6399974822998,0,0,0,0,0,0,0,0,0,-0,0,0,0,0,0,33.4684867858887,0,0,0,0,0,0,0
0,0,0,0,0,0,0,0,0,0,0,0,0,0,0,0,0,0,0,0,0,0,0,0,0,0,0,0,-0,-0,0,0,0,0,0,0,0,0,0,0,0,0,0,0,0,0,0,0,0,0,0,24.2789459228516,22.2252655029297,0,38.7410583496094,0,0,18.5126323699951,0
0,0,0,0,0,0,0,0,0,0,0,0,0,0,0,0,0,0,0,0,0,0,0,0,0,0,0,0,0,-0,-0,0,0,0,0,0,0,0,0,0,0,0,0,0,0,0,0,0,0,0,0,24.3421058654785,0,0,21.686315536499,0,0,19.2178936004639,0
-0,0,0,0,-0,0,0,0,0,0,0,0,0,0,0,0,0,0,0,0,0,0,0,0,0,-0,0,-0,0,-0,0,0,0,0,0,0,0,0,0,0,0,0,0,0,0,0,0,0,0,0,0,11.9885759353638,0,0,0,0,0,14.3099994659424,0
-0,0,0,0,0,0,0,0,62.0652770996094,53.1768417358398,61.9678955078125,0,0,0,0,0,0,33.5926246643066,64.6294631958008,61.4647331237793,59.5278778076172,0,0,43.8173599243164,27.5473690032959,-0,0,0,-0,-0,0,0,0,0,0,60.6789436340332,0,18.8857917785645,0,0,0,0,33.556324005127,0,0,0,0,0,0,0,0,0,0,0,0,0,0,0,48.7768478393555
0,0,0,0,0,0,0,0,0,0,0,0,0,0,0,0,0,0,0,66.1645812988281,68.4295883178711,55.1604156494141,55.1483345031738,0,0,0,0,0,0,-0,0,0,0,0,0,0,0,0,0,0,0,0,0,0,0,-0,0,0,0,0,0,0,0,0,0,0,0,0,0
0,0,0,0,0,0,0,0,68.5000076293945,0,61.2150077819824,0,14.8541641235352,0,0,34.3550071716309,0,23.7549991607666,79.4558334350586,80.3008270263672,82.5808334350586,0,0,0,0,0,0,0,0,-0,0,0,33.5383415222168,0,0,0,0,0,0,0,0,0,0,39.1566696166992,29.1191654205322,0,29.5466709136963,0,0,0,0,0,0,10.5491638183594,27.2758331298828,0,32.0383377075195,17.2466716766357,83.759162902832
0,0,0,0,0,0,45.0870780944824,32.624584197998,0,46.2249946594238,0,0,0,0,0,0,0,15.0437459945679,0,0,0,0,0,0,0,26.7966690063477,20.7804126739502,7.41791391372681,27.9791660308838,0,9.8824987411499,40.7020835876465,0,0,0,0,0,26.1529140472412,0,0,0,0,0,0,0,-0,0,0,0,0,0,0,0,0,0,0,0,13.6937522888184,0
0,0,0,0,0,-0,0,0,0,0,0,0,0,0,0,0,0,0,0,0,0,0,0,0,0,0,0,0,-0,0,0,0,0,0,0,0,0,0,0,0,0,-0,22.2710971832275,0,0,-0,0,0,0,0,-0,-0,0,0,0,0,0,0,0
0,0,0,0,0,0,0,0,0,0,0,0,0,0,0,0,0,0,0,0,0,0,0,0,0,0,0,0,0,0,0,0,0,0,0,0,0,0,0,0,-0,0,15.614447593689,0,0,-0,0,0,0,0,-0,0,0,0,0,0,0,0,0
0,0,0,0,0,0,0,0,0,0,0,0,0,0,0,0,0,0,0,0,0,0,0,0,0,0,0,0,0,0,0,0,0,0,0,0,0,0,0,0,0,0,0,0,0,-0,0,-0,11.3585710525513,0,0,0,0,0,0,0,0,0,0
0,0,0,0,0,0,0,0,0,0,0,0,0,0,0,0,0,0,0,0,0,0,0,0,0,0,0,0,-0,-0,-0,0,0,0,0,0,0,0,0,0,0,0,0,0,0,0,0,0,21.1684608459473,0,0,0,0,0,0,0,0,0,0
-0,-0,-0,0,-0,0,0,0,0,0,0,0,0,0,0,38.820743560791,0,0,0,0,0,0,0,0,0,0,0,0,0,-0,0,0,0,0,0,0,0,0,25.017032623291,0,0,0,0,0,33.0014839172363,0,56.9296417236328,23.1399993896484,0,8.23777866363525,0,0,0,0,0,0,0,0,0
0,0,0,0,0,0,0,0,0,0,0,0,0,0,0,0,0,0,0,0,42.2891464233398,49.2725791931152,45.7297096252441,0,0,0,0,0,0,-0,0,0,0,0,0,0,0,0,0,0,0,0,0,0,23.3474235534668,-0,0,0,0,51.3725624084473,28.5479984283447,0,0,0,0,0,0,0,0
0,0,0,0,-0,0,0,0,0,0,0,0,0,0,0,0,0,0,0,0,0,0,0,0,0,0,0,0,0,-0,0,15.0110063552856,0,0,0,0,0,28.9619960784912,0,0,0,0,0,0,0,-0,0,0,0,0,0,0,40.302001953125,0,40.6510009765625,39.9020004272461,0,31.5319919586182,41.7039985656738
0,0,0,0,0,0,0,0,0,0,0,0,0,0,0,0,0,0,0,0,0,0,0,0,0,0,0,0,0,0,0,0,0,19.1100044250488,0,0,0,0,0,0,0,0,0,0,0,-0,0,0,0,0,0,0,34.9987411499023,0,35.9675025939941,0,0,17.0250129699707,36.598747253418
-0,0,0,0,0,0,0,0,0,0,0,0,0,0,0,0,0,0,0,0,0,0,0,0,0,-0,0,0,-0,-0,-0,0,0,0,0,0,0,0,0,0,0,0,0,0,0,0,0,0,0,0,0,0,45.6357154846191,0,58.3057250976562,0,0,0,0
0,0,-0,0,0,0,0,0,0,0,0,0,0,0,0,0,0,0,0,0,0,0,0,0,0,0,0,0,0,-0,0,0,0,0,0,0,0,0,0,0,0,0,0,0,0,-0,0,0,0,0,0,0,0,0,0,0,0,0,0
-0,0,0,0,0,0,0,0,0,0,0,0,0,0,0,0,0,0,0,0,0,0,0,0,0,0,0,0,0,-0,-0,0,0,0,0,0,0,0,0,0,0,0,0,0,0,0,0,0,0,0,0,0,28.3625049591064,0,0,0,0,0,0
0,0,0,0,0,0,0,0,0,0,0,0,0,0,0,0,0,0,0,0,0,0,0,0,0,0,0,0,0,0,0,0,0,0,0,0,0,0,0,0,0,0,0,0,0,-0,0,0,0,0,0,0,0,0,0,0,0,0,0
0,0,0,0,0,0,0,0,0,0,0,-0,0,0,-0,0,0,0,0,0,0,0,0,0,0,32.7960052490234,0,45.5146636962891,0,0,0,39.0439987182617,0,17.301342010498,0,0,10.0399980545044,12.4240026473999,0,0,0,0,0,0,0,-0,0,0,0,0,0,0,0,0,0,37.5360069274902,0,0,0
0,0,0,0,0,0,-0,-0,-0,-0,-0,-0,-0,-0,-0,-0,-0,0,0,0,0,0,0,0,0,34.1850051879883,51.130615234375,0,0,17.1043758392334,0,88.7018585205078,0,0,0,-0,0,0,-0,-0,0,-0,0,0,0,-0,0,0,0,0,0,0,0,0,0,38.5231246948242,0,0,0
0,0,0,0,0,0,0,0,0,0,0,0,0,0,0,0,0,26.0362510681152,0,0,0,0,0,0,0,0,0,0,0,0,0,0,0,0,0,0,0,0,0,0,0,0,0,0,0,-0,0,0,0,0,0,0,0,0,0,21.5587577819824,0,0,58.0587615966797
