0,48.9347229003906,0,0,57.9803199768066,0,42.2536926269531,0,0,39.325267791748,0,0,15.4200019836426,0,19.53369140625,-0,0,0,0,0,0,0,0,0,-0,-0,0,0,-0,-0,0,0,0,-0,0,0,-0,-0,0,-0,-0,-0,0,-0,0,-0,0,-0,0,0,-0,0,0,-0,-0,-0,0,0,-0
0,31.9341678619385,59.9133338928223,23.9000015258789,31.6975154876709,0,0,84.9585266113281,27.6416721343994,0,47.01416015625,0,0,66.1212844848633,0,0,0,-0,0,0,0,0,0,0,-0,-0,15.0233354568481,0,-0,-0,-0,0,-0,0,-0,0,-0,0,0,-0,-0,-0,0,-0,0,-0,0,-0,0,0,0,0,0,0,-0,0,0,0,0
0,18.739990234375,43.3938446044922,0,0,0,8.11230278015137,37.7661514282227,0,0,0,-0,0,24.9969253540039,0,0,0,-0,-0,0,0,0,0,0,-0,-0,0,0,0,0,0,0,-0,8.22921943664551,-0,-0,0,0,-0,-0,-0,-0,0,-0,-0,-0,-0,-0,0,0,-0,-0,0,0,-0,-0,-0,-0,-0
17.0037498474121,0,0,0,0,0,0,0,0,0,0,-0,0,0,0,0,16.1487560272217,-0,0,0,0,0,0,0,-0,0,0,0,-0,-0,0,0,-0,-0,-0,0,-0,-0,-0,-0,-0,-0,0,0,-0,-0,0,-0,0,0,-0,0,0,-0,-0,-0,-0,-0,-0
13.2506065368652,0,0,0,0,0,0,0,0,0,0,0,0,0,0,0,10.815299987793,0,0,0,0,0,0,0,-0,-0,0,0,0,-0,0,0,0,0,0,0,0,0,0,0,-0,-0,0,0,0,-0,0,-0,0,0,0,0,0,0,-0,0,0,0,0
0,0,0,0,0,0,0,0,0,0,0,0,0,0,0,0,0,0,0,0,0,0,0,0,-0,0,0,0,-0,-0,0,0,-0,0,-0,0,-0,0,0,-0,-0,-0,0,-0,-0,-0,-0,-0,0,0,-0,0,0,-0,-0,-0,0,0,-0
0,0,0,0,0,0,0,0,0,0,0,-0,0,0,0,0,0,0,0,0,0,0,0,0,-0,0,0,0,-0,-0,0,0,-0,0,-0,0,-0,-0,0,-0,-0,-0,-0,-0,-0,-0,0,-0,0,0,0,-0,-0,-0,-0,-0,-0,0,0
0,0,51.6269912719727,0,37.7770004272461,-0,0,37.7500038146973,29.8289985656738,0,87.7108383178711,0,0,0,0,0,0,0,0,0,0,0,0,0,-0,-0,0,0,-0,-0,0,0,-0,36.0219955444336,0,0,0,0,0,0,-0,-0,0,-0,-0,-0,0,-0,0,0,0,0,0,-0,-0,-0,-0,0,-0
0,32.2179946899414,24.7199954986572,0,0,0,0,23.5629920959473,0,0,18.4849967956543,-0,0,0,0,-0,0,-0,-0,0,0,0,0,-0,-0,-0,0,0,-0,0,0,0,-0,0,-0,-0,0,-0,-0,-0,-0,-0,-0,-0,-0,0,-0,-0,0,0,-0,-0,0,0,-0,0,-0,0,-0
0,-0,0,0,0,-0,-0,0,18.2955551147461,0,15.9477739334106,0,0,-0,0,0,0,25.0044422149658,20.6188869476318,0,64.2224426269531,0,0,0,0,0,0,0,0,-0,0,0,0,-0,0,0,0,0,0,0,-0,-0,29.0999984741211,-0,0,-0,0,-0,0,0,0,0,0,0,-0,0,0,0,0
0,0,0,0,0,0,0,0,0,0,0,-0,0,0,0,0,0,0,0,0,9.27250289916992,0,0,0,-0,0,40.6899948120117,54.2149925231934,10.0275001525879,0,13.1012496948242,34.0837440490723,-0,9.72750473022461,-0,0,0,0,0,-0,-0,-0,0,0,-0,0,7.70750427246094,-0,7.61375427246094,0,0,-0,7.07374954223633,0,7.02998733520508,-0,8.99374008178711,6.00374603271484,0
0,0,0,0,0,0,0,0,33.0920028686523,0,13.5809993743896,0,0,0,0,0,0,0,0,0,0,0,0,0,-0,0,0,0,0,-0,0,0,0,0,-0,0,0,0,0,-0,-0,-0,-0,-0,-0,-0,0,-0,0,0,0,0,0,-0,-0,-0,0,0,0
0,16.2653656005859,17.4892673492432,0,0,0,0,0,0,14.179515838623,0,-0,0,0,0,49.708438873291,0,0,0,0,0,0,0,0,-0,-0,0,0,0,-0,-0,0,-0,0,-0,-0,0,0,0,-0,-0,-0,-0,-0,-0,0,-0,-0,0,-0,-0,0,0,0,-0,0,0,0,-0
0,0,0,0,0,0,0,0,0,0,0,0,0,0,0,0,0,0,0,0,0,0,0,0,17.7571353912354,0,0,0,0,-0,0,0,0,0,0,0,0,0,0,0,-0,0,0,-0,-0,-0,0,-0,0,0,-0,0,0,-0,-0,0,0,0,0
0,0,0,0,0,0,0,0,0,0,0,0,0,0,0,0,0,0,0,0,0,0,0,0,-0,0,0,0,0,-0,0,0,-0,0,-0,0,-0,-0,0,-0,-0,-0,-0,-0,-0,-0,0,-0,0,0,-0,-0,0,-0,-0,-0,0,0,-0
12.4883375167847,20.8316707611084,0,28.1616668701172,0,0,0,0,0,38.8133392333984,14.1116533279419,-0,0,0,18.1600036621094,0,0,13.6599988937378,-0,0,0,0,0,0,-0,0,0,0,0,-0,0,0,-0,-0,-0,0,-0,-0,0,-0,-0,-0,-0,-0,-0,-0,-0,-0,-0,0,-0,-0,-0,0,-0,-0,-0,-0,-0
0,0,22.4938354492188,0,14.1369304656982,0,0,17.1369228363037,23.7507667541504,0,49.2446098327637,-0,0,0,0,0,0,0,0,0,0,0,0,0,-0,0,0,0,0,0,0,0,-0,15.2800006866455,-0,0,0,0,0,-0,-0,-0,0,-0,-0,-0,0,-0,0,0,-0,-0,0,0,-0,-0,0,0,0
0,0,0,0,0,0,0,0,0,0,0,-0,0,0,0,0,0,0,0,0,0,-0,0,0,-0,0,0,0,-0,-0,0,0,-0,-0,-0,0,-0,-0,0,-0,-0,-0,0,-0,-0,-0,-0,-0,-0,0,-0,0,-0,-0,-0,-0,0,-0,-0
0,0,0,0,0,0,0,0,0,0,11.9013385772705,-0,0,0,0,0,0,-0,0,0,0,0,0,0,-0,0,14.2079935073853,0,-0,-0,0,0,-0,-0,-0,-0,-0,-0,-0,-0,-0,-0,0,-0,-0,-0,0,-0,0,0,0,-0,-0,0,-0,-0,0,0,-0
0,0,0,0,0,0,0,0,0,0,0,-0,0,0,0,0,0,0,-0,0,0,0,0,0,-0,-0,0,0,-0,0,0,0,-0,0,-0,-0,-0,-0,-0,-0,-0,-0,-0,-0,-0,-0,-0,-0,-0,0,-0,-0,-0,-0,-0,-0,-0,0,-0
0,0,0,0,0,0,0,0,0,0,77.0189437866211,-0,0,0,0,0,0,0,0,0,0,0,0,0,-0,-0,0,0,0,-0,0,0,0,0,-0,-0,-0,-0,0,-0,-0,-0,-0,0,-0,0,0,-0,-0,-0,-0,0,0,-0,-0,-0,0,0,-0
0,0,0,0,0,-0,0,0,0,0,9.99250030517578,-0,0,0,0,-0,0,0,0,0,0,0,0,0,-0,0,0,0,-0,0,0,0,0,0,-0,0,-0,0,0,0,-0,-0,-0,-0,-0,-0,-0,-0,0,-0,-0,0,0,-0,0,0,0,0,0
0,0,0,0,0,0,0,0,0,0,0,0,0,0,0,0,0,-0,0,0,0,0,0,0,-0,-0,0,0,0,-0,0,0,-0,-0,-0,-0,-0,-0,-0,-0,-0,-0,-0,-0,-0,0,-0,-0,-0,0,-0,-0,0,-0,-0,-0,-0,-0,0
0,0,0,-0,-0,12.3146667480469,0,0,0,0,0,0,0,-0,0,-0,0,-0,0,0,0,0,0,0,-0,0,0,0,0,-0,0,0,0,0,0,0,0,0,0,0,0,-0,0,-0,0,-0,0,-0,0,0,0,0,0,0,0,-0,0,0,0
0,0,0,0,0,0,0,0,0,0,0,-0,0,0,0,0,0,-0,-0,0,0,-0,-0,-0,-0,-0,33.1636428833008,0,-0,0,-0,0,0,0,-0,-0,0,0,0,-0,-0,-0,-0,-0,-0,0,-0,-0,0,0,-0,-0,-0,0,-0,0,-0,0,-0
0,0,0,0,0,0,0,0,0,0,0,-0,0,0,0,0,0,-0,-0,0,0,0,0,-0,-0,-0,0,0,-0,0,0,0,-0,-0,-0,-0,0,-0,0,-0,-0,-0,-0,-0,-0,0,-0,-0,0,0,-0,-0,0,0,-0,0,-0,0,-0
0,21.8838043212891,0,0,0,0,20.1000022888184,0,0,18.7780933380127,0,-0,16.1304798126221,0,0,0,0,-0,0,0,0,0,0,0,-0,0,0,0,-0,-0,0,0,-0,0,-0,0,-0,-0,-0,-0,0,-0,-0,-0,0,-0,0,-0,0,-0,-0,-0,0,-0,0,-0,-0,-0,-0
0,0,0,-0,-0,-0,-0,0,0,0,0,-0,0,-0,0,0,-0,0,41.8481750488281,0,22.2718200683594,0,7.65181398391724,0,-0,-0,0,0,-0,-0,-0,0,0,0,0,0,0,0,0,-0,0,-0,0,21.6981792449951,0,-0,45.7372741699219,23.0054569244385,0,8.3790922164917,-0,0,0,-0,0,0,0,0,0
0,0,0,0,0,-0,0,0,0,0,0,16.0509986877441,0,0,5.39352416992188,-0,0,0,18.4241161346436,49.8836975097656,37.0141258239746,38.9046974182129,9.39881420135498,0,0,-0,0,0,-0,-0,0,0,0,-0,-0,0,-0,0,0,0,0,-0,0,-0,0,-0,0,-0,0,0,0,0,-0,-0,-0,-0,0,0,0
0,0,0,0,0,0,0,0,0,0,0,0,0,0,0,0,0,0,0,0,0,0,0,0,-0,0,0,0,-0,-0,0,0,-0,0,0,0,-0,0,0,-0,-0,-0,0,-0,-0,-0,0,-0,0,0,-0,0,0,-0,-0,-0,0,0,-0
0,48.1127967834473,0,43.0487976074219,0,0,16.0879993438721,0,0,58.094554901123,0,-0,0,0,27.2254447937012,0,0,-0,0,0,0,0,0,0,-0,0,0,0,-0,0,0,0,-0,-0,-0,-0,0,-0,-0,-0,-0,-0,-0,-0,-0,-0,-0,-0,0,9.27679824829102,-0,-0,0,-0,-0,-0,0,0,-0
0,26.6957187652588,0,0,0,0,0,0,0,0,0,0,0,-0,0,0,0,-0,0,0,0,0,0,0,-0,0,0,0,-0,-0,-0,0,-0,0,-0,-0,0,-0,-0,-0,-0,-0,-0,-0,-0,-0,0,-0,-0,-0,-0,-0,0,-0,-0,0,-0,-0,-0
0,0,0,0,0,0,0,0,0,0,0,-0,0,0,0,0,0,-0,0,0,0,0,0,0,-0,0,0,0,-0,0,0,0,-0,-0,-0,-0,0,-0,-0,-0,-0,-0,0,-0,-0,-0,0,-0,0,0,-0,-0,0,-0,-0,-0,-0,0,-0
96.8890533447266,21.8062686920166,0,0,0,-0,0,0,0,0,0,-0,0,0,0,0,71.6337280273438,0,0,0,0,0,0,0,-0,0,0,24.1309871673584,0,-0,0,0,-0,0,-0,0,-0,0,0,-0,-0,-0,-0,-0,-0,-0,0,-0,0,24.4854907989502,0,0,0,-0,-0,-0,0,0,-0
0,0,0,0,0,0,0,0,0,0,0,-0,0,0,0,0,0,0,0,0,0,0,0,0,-0,-0,0,0,-0,-0,0,0,-0,0,-0,0,0,-0,0,-0,0,-0,-0,-0,0,-0,-0,-0,0,0,-0,0,0,-0,-0,-0,-0,0,-0
0,0,0,0,0,0,0,0,0,0,0,-0,0,0,0,0,0,0,0,0,0,0,0,0,-0,-0,0,0,0,0,0,0,-0,0,-0,0,0,-0,0,-0,-0,-0,-0,-0,-0,-0,-0,-0,0,0,0,0,0,0,0,0,0,0,0
0,25.9528503417969,56.0571365356445,16.3414211273193,19.2342872619629,-0,0,75.9500732421875,26.7171325683594,12.9371471405029,40.9242973327637,-0,0,53.8928604125977,0,0,0,0,0,0,0,0,0,0,-0,-0,0,0,0,0,0,0,-0,0,-0,0,0,-0,0,-0,-0,-0,-0,-0,-0,0,0,-0,0,0,0,0,0,-0,0,-0,0,0,-0
0,0,0,0,0,0,0,0,17.6000003814697,0,0,0,0,-0,0,0,0,0,0,0,0,0,0,0,-0,-0,0,0,-0,0,0,0,-0,0,-0,0,0,0,-0,0,-0,-0,-0,-0,-0,-0,-0,-0,-0,0,-0,-0,0,-0,-0,-0,0,0,0
0,-0,0,0,-0,0,-0,0,0,0,0,-0,0,-0,-0,0,0,0,0,0,0,0,0,0,-0,-0,-0,0,0,-0,-0,0,0,0,-0,0,0,0,0,0,0,0,0,0,0,-0,0,0,0,0,0,0,0,-0,0,0,0,0,0
0,55.6109466552734,0,11.8459491729736,0,0,42.1155700683594,0,0,21.738920211792,0,0,32.4124603271484,0,12.3708066940308,0,0,0,0,14.1816291809082,0,0,4.88594007492065,0,-0,0,0,27.0735168457031,-0,-0,0,0,-0,0,0,0,-0,0,0,-0,-0,-0,0,-0,-0,-0,-0,-0,0,0,-0,0,0,-0,-0,-0,-0,0,-0
0,29.2930450439453,0,35.0469512939453,8.10347843170166,0,12.3469572067261,0,0,47.666088104248,12.4321756362915,-0,0,0,33.8368759155273,0,0,0,0,0,0,0,0,0,-0,-0,0,0,-0,-0,0,0,-0,0,-0,0,0,-0,0,-0,-0,-0,-0,-0,0,-0,0,-0,-0,0,-0,0,0,-0,-0,-0,-0,0,-0
0,12.494441986084,0,18.918888092041,19.9111156463623,0,0,0,22.9944458007812,25.1588821411133,36.2666778564453,-0,0,0,10.0533246994019,0,0,0,0,0,0,0,0,0,-0,0,0,0,-0,0,0,0,-0,0,0,0,0,0,-0,-0,-0,-0,-0,-0,-0,-0,0,-0,-0,0,-0,0,0,0,-0,0,0,0,-0
0,0,0,-0,-0,0,-0,0,0,-0,0,0,0,-0,0,0,-0,0,24.4173927307129,0,0,0,0,0,-0,-0,0,0,0,-0,0,0,42.7378692626953,0,0,0,0,0,0,-0,0,-0,0,16.7278175354004,0,0,19.4078235626221,78.0133438110352,22.2434825897217,0,-0,0,0,0,0,0,44.7415618896484,0,11.2956485748291
0,0,0,0,0,0,0,0,14.9508399963379,0,0,-0,0,0,0,0,0,-0,0,0,0,0,0,0,-0,-0,0,0,-0,-0,0,0,-0,0,-0,-0,-0,-0,-0,-0,-0,-0,0,-0,-0,-0,0,-0,-0,0,-0,-0,-0,-0,-0,-0,-0,0,-0
0,0,0,0,0,0,0,0,97.2306213378906,0,0,-0,0,0,0,21.3415412902832,0,0,0,0,0,0,0,0,-0,0,0,0,-0,0,0,0,-0,0,-0,-0,0,0,0,-0,-0,-0,-0,-0,-0,-0,-0,-0,0,0,-0,0,0,0,-0,-0,0,0,-0
0,0,0,0,0,-0,0,0,0,0,0,0,0,0,0,0,78.2600021362305,0,0,0,0,0,0,0,0,-0,0,0,0,-0,0,0,0,-0,-0,0,0,0,0,0,-0,-0,0,0,0,-0,0,-0,0,0,-0,0,0,-0,-0,-0,0,0,0
0,0,0,0,0,0,0,0,0,0,0,0,0,0,0,0,113.296600341797,0,0,0,0,0,0,0,-0,0,0,0,0,-0,0,0,0,0,0,0,0,0,0,0,-0,-0,0,-0,-0,-0,0,-0,0,0,0,0,0,-0,0,0,0,0,0
0,0,0,0,0,-0,0,0,0,0,0,0,0,-0,0,0,92.828010559082,0,0,0,0,0,0,0,-0,0,0,0,0,-0,0,0,0,0,0,0,-0,0,0,0,0,-0,0,0,0,-0,0,-0,0,0,0,0,0,0,-0,-0,0,0,0
0,0,0,-0,-0,0,-0,0,0,0,0,0,0,-0,0,0,0,0,0,0,25.6716766357422,0,0,0,-0,0,0,0,0,-0,0,0,0,0,0,0,0,0,0,0,-0,-0,0,-0,0,0,0,0,0,0,0,0,0,-0,0,0,0,0,0
0,0,0,0,-0,-0,-0,0,0,0,0,-0,0,-0,0,0,0,0,0,0,0,0,0,0,0,0,0,0,0,-0,0,0,-0,0,0,0,0,0,0,-0,-0,-0,-0,-0,-0,-0,0,-0,0,0,0,0,0,0,-0,-0,0,0,0
0,-0,0,-0,-0,0,0,0,0,0,0,-0,0,-0,0,-0,0,25.5506572723389,0,0,0,0,0,0,0,-0,0,0,-0,-0,0,0,0,-0,-0,0,0,0,0,0,0,0,0,0,0,0,0,-0,0,0,-0,0,0,-0,-0,-0,0,0,0
0,0,0,0,0,0,0,0,0,0,0,0,0,0,0,0,0,0,0,48.2967720031738,0,0,0,0,0,-0,0,0,0,-0,0,0,-0,0,-0,0,-0,0,0,0,0,-0,-0,0,0,-0,0,-0,0,0,0,0,0,-0,-0,0,-0,0,0
0,-0,0,-0,-0,0,-0,0,0,0,0,0,0,-0,-0,0,0,0,0,0,0,13.3009557723999,0,0,-0,-0,0,0,0,-0,0,0,0,0,0,0,0,0,0,0,-0,0,0,0,0,-0,0,0,0,0,0,0,0,0,0,-0,0,0,0
0,0,0,0,0,-0,0,0,0,0,0,-0,0,0,0,0,0,0,0,16.4507732391357,0,0,0,0,-0,-0,0,0,0,0,0,0,0,0,-0,0,-0,-0,0,-0,-0,-0,-0,-0,-0,-0,0,-0,0,0,-0,0,0,0,-0,-0,0,-0,0
0,0,0,0,0,-0,0,0,0,0,0,0,0,-0,0,0,0,0,0,0,56.6114616394043,0,34.0650062561035,0,0,0,0,0,0,-0,0,0,0,0,-0,0,0,0,0,0,0,-0,0,-0,0,-0,34.6773452758789,-0,0,0,0,0,0,0,0,-0,0,0,0
0,0,0,0,0,-0,0,0,0,0,0,0,0,0,0,-0,0,0,0,0,0,0,0,0,-0,0,0,0,0,-0,0,0,0,0,-0,0,0,0,0,0,0,-0,0,0,0,-0,0,-0,0,0,0,0,0,-0,-0,-0,0,0,0
0,-0,0,-0,0,-0,-0,0,0,-0,0,0,-0,-0,-0,-0,0,-0,0,0,14.178747177124,0,12.0700054168701,0,-0,-0,0,0,-0,-0,0,0,-0,0,-0,0,0,-0,-0,0,-0,-0,-0,-0,-0,-0,-0,-0,-0,-0,-0,-0,-0,-0,-0,-0,0,0,0
0,0,0,0,0,-0,0,0,0,0,0,-0,0,0,0,0,0,0,0,0,0,0,0,0,-0,-0,53.6636581420898,73.3095474243164,0,5.68174695968628,4.25914192199707,33.6739120483398,-0,0,0,0,-0,0,0,-0,-0,-0,-0,-0,0,-0,0,-0,0,0,0,0,0,0,0,-0,0,0,-0
0,0,0,-0,-0,-0,-0,0,0,0,0,-0,0,-0,-0,-0,0,0,0,0,0,0,0,0,-0,0,0,7.65090656280518,-0,-0,0.766357421875,69.9254531860352,0,0,-0,0,0,0,0,0,0,-0,0,-0,0,0,0,0,0,0,-0,0,0,-0,0,0,0,0,0
0,-0,-0,-0,-0,-0,-0,0,0,0,0,0,0,-0,0,0,0,0,0,0,0,0,0,0,-0,0,56.0796394348145,0,-0,-0,15.2292852401733,35.7921447753906,0,0,0,0,0,0,0,-0,-0,0,-0,0,0,-0,0,-0,0,0,0,0,0,0,0,0,0,0,0
0,0,0,0,0,-0,0,0,0,0,0,-0,0,0,0,0,0,0,-0,0,0,0,0,0,-0,0,18.3163681030273,-0,0,-0,0,71.3145599365234,-0,0,-0,0,-0,0,-0,-0,-0,-0,-0,-0,-0,-0,-0,-0,0,0,0,0,0,0,-0,-0,-0,0,-0
0,0,0,-0,0,-0,0,0,0,0,0,-0,0,0,0,0,0,0,0,0,0,0,0,0,-0,0,0,0,0,-0,0,30.3129272460938,-0,0,-0,0,-0,0,0,0,0,-0,0,-0,-0,-0,0,-0,0,0,0,0,0,-0,-0,-0,-0,0,0
0,0,0,-0,-0,-0,0,0,0,0,0,-0,0,-0,-0,-0,0,-0,0,0,0,-0,0,0,-0,-0,0,95.4293060302734,15.0654716491699,-0,0,91.7852630615234,-0,0,-0,0,0,0,0,0,-0,-0,0,-0,-0,-0,0,-0,-0,0,-0,0,0,-0,-0,0,0,0,0
0,0,0,0,0,0,0,0,0,0,0,-0,0,0,0,0,0,0,0,0,0,0,-0,0,-0,2.09555053710938,36.5362892150879,50.3970375061035,0,3.00074362754822,0,0,0,0,-0,0,-0,0,-0,-0,-0,-0,-0,-0,-0,-0,0,-0,0,-0,-0,-0,0,-0,-0,-0,-0,0,0
0,0,0,0,0,-0,0,0,0,0,0,0,0,-0,0,-0,0,0,0,0,0,0,0,0,0,0,0,0,14.2973680496216,-0,0,22.0636806488037,0,0,0,0,0,0,0,0,-0,-0,0,-0,0,-0,0,-0,0,0,0,0,0,0,0,-0,0,0,0
-0,0,0,-0,-0,-0,-0,0,0,0,0,0,0,-0,0,-0,-0,0,0,0,0,0,0,0,-0,-0,0,0,0,-0,0,12.2988958358765,0,0,0,0,0,0,0,0,0,-0,0,0,0,0,0,0,0,0,-0,0,0,0,0,0,0,0,0
0,0,0,0,0,-0,0,0,0,0,0,0,0,0,0,-0,0,-0,0,0,0,0,0,0,-0,0,0,0,-0,-0,0,0,-0,-0,-0,-0,-0,-0,-0,-0,-0,-0,0,0,0,-0,0,-0,-0,0,0,0,0,0,-0,0,0,0,-0
0,0,0,-0,-0,0,0,0,0,0,0,-0,0,-0,-0,0,-0,0,0,0,0,0,0,0,-0,-0,0,24.7428550720215,-0,-0,0,18.6728610992432,0,0,0,0,16.4842872619629,25.7971458435059,0,0,0,-0,0,0,0,0,0,0,0,0,-0,0,0,-0,0,8.85714721679688,0,0,25.1828575134277
0,0,0,-0,-0,-0,-0,0,-0,-0,0,-0,-0,-0,-0,-0,-0,-0,0,0,-0,-0,-0,0,-0,-0,0,0,-0,-0,-0,14.3621034622192,0,-0,-0,-0,-0,0,-0,-0,-0,-0,-0,-0,-0,-0,-0,-0,-0,-0,-0,0,0,-0,-0,-0,-0,-0,-0
0,0,0,0,0,0,0,0,0,0,0,0,0,0,0,0,0,-0,0,0,0,0,0,0,-0,0,0,0,-0,-0,0,0,0,-0,-0,0,0,0,0,-0,-0,-0,0,0,0,-0,0,-0,0,0,-0,0,0,-0,-0,-0,-0,0,0
-0,0,0,-0,-0,-0,0,0,0,0,0,-0,0,-0,0,0,0,0,0,0,0,0,0,0,-0,-0,0,0,0,-0,0,0,0,0,24.9248600006104,0,0,0,0,0,0,0,0,0,0,0,0,0,0,0,0,0,0,0,0,0,8.39081192016602,0,0
0,0,0,0,-0,-0,0,0,0,0,0,-0,-0,-0,0,0,0,0,0,0,0,0,0,0,-0,-0,0,0,0,-0,0,0,0,-0,0,0,0,0,0,0,-0,-0,0,0,0,0,0,-0,0,0,0,0,0,-0,0,-0,0,0,0
0,-0,-0,-0,-0,-0,-0,0,0,0,0,0,0,-0,0,-0,0,0,0,0,0,0,0,0,-0,-0,0,0,-0,-0,0,0,0,-0,0,0,0,0,0,-0,-0,0,0,-0,0,-0,0,-0,-0,0,0,0,0,0,0,-0,0,0,0
-0,-0,-0,-0,-0,0,-0,0,0,0,0,-0,0,-0,-0,0,-0,0,0,0,0,0,0,0,-0,-0,0,0,-0,-0,0,0,0,0,0,0,0,0,0,0,0,0,0,0,0,0,0,0,0,0,0,0,0,0,0,0,0,0,0
-0,0,0,-0,-0,-0,-0,0,0,0,0,0,0,-0,-0,0,0,0,0,0,0,0,0,0,-0,0,0,0,0,-0,0,0,0,0,0,9.6669979095459,0,0,0,0,0,-0,0,0,0,0,0,0,0,0,0,0,0,-0,0,-0,12.6000032424927,0,0
0,0,0,0,0,-0,0,0,0,0,0,0,0,0,0,0,0,0,0,0,0,0,0,0,-0,-0,0,0,-0,-0,-0,0,-0,0,-0,0,-0,-0,31.3176441192627,-0,-0,-0,0,0,0,-0,0,-0,0,0,-0,0,0,-0,-0,-0,0,0,0
0,0,-0,-0,-0,0,0,0,0,0,0,-0,0,-0,-0,0,-0,0,0,0,0,0,0,0,-0,-0,0,0,-0,-0,0,0,15.6381864547729,-0,0,45.8363609313965,26.5936336517334,0,0,-0,0,4.49636030197144,0,-0,0,-0,0,-0,-0,0,0,0,0,11.0999975204468,0,-0,-0,0,0
0,0,0,-0,-0,-0,0,0,0,0,0,0,0,0,0,-0,-0,0,0,0,0,0,0,0,-0,-0,0,0,-0,-0,0,0,12.2847681045532,-0,0,38.034294128418,16.2800006866455,0,0,0,0,0,0,0,0,-0,0,0,0,0,-0,0,0,6.40857362747192,0,0,0,0,0
0,0,0,-0,-0,-0,0,0,0,0,0,0,0,0,-0,-0,0,0,0,0,0,0,0,0,-0,0,0,0,0,-0,0,0,0,0,0,0,0,0,34.9549942016602,8.42500305175781,-0,0,0,0,0,-0,0,-0,0,0,0,0,0,0,0,0,0,0,0
0,0,0,-0,-0,-0,-0,0,0,0,0,0,0,-0,0,0,0,0,0,0,0,0,0,0,-0,-0,0,0,0,-0,0,0,0,0,0,0,0,0,72.529899597168,0,0,0,0,0,0,-0,0,0,0,0,0,0,0,0,0,-0,0,0,0
0,0,0,-0,-0,0,-0,0,0,0,0,0,0,-0,-0,0,0,0,24.3913326263428,33.4533271789551,0,0,0,30.0122032165527,0,0,12.5453252792358,0,0,-0,30.5562000274658,0,0,0,0,67.6465377807617,21.3819942474365,46.7493324279785,0,0,0,0,54.1802024841309,0,0,0,44.4096717834473,12.3120059967041,13.038667678833,0,0,0,18.2753353118896,-0,0,0,0,39.6289672851562,0
0,0,-0,-0,-0,0,-0,0,0,0,0,-0,0,-0,0,-0,0,0,0,0,0,0,0,0,-0,0,0,0,0,-0,0,0,0,0,0,0,0,0,0,36.8041152954102,0,-0,0,-0,0,0,0,0,0,0,0,0,19.1888866424561,-0,10.8293294906616,0,10.2506704330444,24.2999992370605,0
0,0,0,0,-0,-0,0,0,0,0,0,0,0,-0,0,-0,0,0,0,0,0,0,0,0,-0,0,0,0,-0,-0,0,0,0,0,0,0,0,0,47.371337890625,33.1952362060547,-0,-0,0,0,0,-0,0,-0,0,0,0,0,0,-0,0,-0,0,0,0
-0,-0,0,-0,-0,-0,-0,-0,0,0,0,-0,-0,-0,-0,-0,-0,-0,0,0,0,-0,0,0,-0,-0,0,0,0,-0,0,0,0,0,-0,0,0,-0,0,0,-0,-0,-0,-0,-0,-0,0,-0,-0,-0,-0,5.7184681892395,0,-0,0,-0,-0,0,0
0,0,0,0,-0,-0,-0,0,0,-0,0,-0,-0,-0,-0,-0,-0,0,15.596248626709,0,0,0,-0,0,-0,0,-0,0,0,-0,1.91375160217285,0,0,34.901252746582,0,0,0,0,0,0,0,0,-0,0,0,-0,0,0,-0,-0,-0,-0,39.7912635803223,-0,42.5720062255859,-0,23.6524829864502,25.0012397766113,23.4624938964844
-0,0,0,-0,-0,0,-0,0,0,0,0,-0,0,-0,-0,-0,-0,0,27.5711097717285,22.3400001525879,0,-0,0,0,-0,-0,0,0,0,-0,-0,0,20.3288841247559,45.7077751159668,-0,0,0,19.6522216796875,0,0,0,0,-0,6.98109245300293,0,-0,0,-0,0,0,0,0,43.8961067199707,0,36.9455604553223,9.67667675018311,35.8511085510254,32.8955574035645,35.2722244262695
0,-0,-0,-0,-0,-0,0,0,0,0,0,-0,0,-0,0,0,0,0,0,0,0,0,0,0,0,-0,0,0,0,-0,0,0,0,0,0,0,26.0211696624756,16.8764762878418,0,-0,0,28.4373016357422,0,0,0,0,0,0,0,0,0,0,0,0,0,0,0,0,0
0,0,0,-0,0,-0,-0,0,0,0,0,-0,0,-0,0,0,0,0,0,0,0,0,0,0,0,-0,0,0,0,-0,0,18.3337497711182,0,0,0,0,0,0,0,-0,0,0,0,0,0,0,0,0,0,0,0,0,0,-0,0,20.2317581176758,0,0,37.9883689880371
-0,0,0,0,-0,-0,-0,0,0,0,0,-0,0,-0,-0,-0,-0,0,0,0,0,0,-0,0,-0,-0,0,0,0,-0,-0,0,0,-0,0,0,0,0,0,0,0,0,-0,-0,0,-0,0,-0,0,-0,0,0,0,-0,0,0,0,0,0
0,0,0,-0,-0,0,-0,0,0,0,0,0,0,-0,0,0,0,0,16.8431529998779,0,0,-0,0,0,-0,0,0,0,0,-0,0,0,0,0,-0,0,0,0,0,0,0,0,0,0,0,0,0,0,0,0,-0,0,0,-0,0,-0,0,0,0
0,0,0,0,0,0,0,0,0,0,0,-0,0,0,0,0,0,0,0,0,0,0,0,0,-0,0,0,0,-0,-0,0,0,0,-0,-0,0,-0,0,0,-0,-0,-0,-0,-0,-0,-0,-0,6.84666347503662,0,0,-0,-0,0,-0,-0,-0,0,0,-0
0,-0,0,-0,-0,0,0,0,0,0,0,0,0,-0,-0,-0,0,0,0,0,0,0,0,0,-0,-0,0,0,-0,-0,0,0,0,0,-0,0,0,0,0,0,-0,-0,0,0,0,-0,0,-0,0,0,0,0,0,-0,-0,-0,0,0,0
0,0,0,-0,-0,0,0,0,0,0,0,-0,0,-0,0,-0,0,0,0,0,0,0,0,0,-0,0,0,0,0,-0,0,0,0,0,0,27.5014877319336,0,0,0,0,0,-0,0,0,0,-0,0,-0,0,0,17.0520038604736,0,0,-0,0,0,0,0,0
0,0,0,0,0,0,0,0,0,0,0,-0,0,-0,0,-0,0,0,0,0,0,0,0,0,-0,0,0,0,-0,-0,0,0,-0,0,0,0,0,0,0,-0,0,-0,0,0,0,-0,0,-0,0,0,0,0,0,-0,-0,-0,0,-0,-0
-0,0,0,-0,-0,-0,-0,0,10.1831569671631,5.96631336212158,17.7873706817627,-0,0,-0,0,0,0,40.2115859985352,26.4526329040527,32.8536758422852,8.13263607025146,0,0,14.0936870574951,15.1273574829102,0,0,0,0,-0,0,0,0,0,0,0,0,0,0,0,0,0,0,0,0,0,0,-0,0,0,20.412841796875,0,0,-0,0,0,0,0,0
0,0,0,0,0,-0,0,0,0,0,0,-0,0,0,0,-0,0,0,0,0,0,0,0,0,-0,-0,0,0,-0,-0,0,0,-0,-0,-0,-0,-0,-0,-0,-0,0,-0,0,-0,-0,-0,0,0,0,0,-0,-0,0,-0,-0,-0,-0,-0,-0
-0,0,-0,-0,0,0,0,0,0,0,0,-0,0,-0,-0,0,0,0,0,0,0,0,0,0,-0,-0,0,0,-0,-0,0,0,0,0,0,0,0,0,0,-0,-0,0,-0,0,0,-0,0,0,-0,0,0,0,0,0,0,0,0,0,0
0,0,-0,-0,-0,-0,0,0,0,0,0,0,0,0,-0,-0,-0,0,0,0,0,0,0,0,-0,-0,0,0,-0,-0,0,0,0,-0,0,0,0,0,0,-0,0,0,0,7.58500099182129,11.6374988555908,-0,9.24250411987305,0,-0,-0,-0,0,0,0,0,0,0,0,0
0,0,0,0,0,-0,0,0,0,0,0,0,0,0,0,0,0,0,0,0,0,0,0,0,-0,-0,0,0,0,0,0,0,0,0,0,0,0,0,0,0,-0,-0,0,0,4.27499914169312,-0,0,-0,0,0,0,0,0,-0,-0,-0,0,0,0
0,0,0,0,-0,-0,0,0,0,0,0,0,0,-0,0,0,0,0,45.8150100708008,0,0,0,0,0,-0,0,0,0,0,-0,0,0,0,0,0,0,0,0,0,0,0,-0,0,0,0,5.18000030517578,35.1287498474121,0,0,0,0,0,0,-0,0,0,0,0,0
-0,0,0,-0,-0,-0,-0,0,0,-0,0,-0,0,-0,0,0,-0,0,0,0,0,0,0,0,-0,-0,0,0,-0,-0,0,0,23.6777782440186,0,0,0,0,0,0,0,0,0,0,31.3770313262939,19.4496364593506,0,0,0,49.2632331848145,0,-0,0,0,0,0,0,0,0,0
-0,0,0,-0,-0,-0,0,0,11.6742124557495,0,0,0,0,-0,0,0,0,0,52.0910034179688,0,34.2652626037598,0,0,0,-0,-0,0,0,-0,-0,0,0,0,0,0,0,0,0,0,0,0,0,7.55683994293213,18.5757942199707,0,36.3552742004395,0,0,0,0,0,0,0,-0,0,0,0,0,0
-0,0,0,-0,-0,0,-0,0,0,0,0,0,0,-0,-0,0,-0,0,0,0,0,0,-0,0,0,-0,0,0,0,-0,0,0,0,11.2478265762329,0,11.2643489837646,0,0,0,0,18.0917358398438,0,0,0,54.2926025390625,0,0,-0,0,0,0,0,0,-0,0,0,0,0,0
0,0,0,0,0,-0,0,0,0,0,0,0,0,0,0,0,0,0,0,0,0,0,0,0,-0,0,0,0,0,-0,0,0,-0,0,0,0,0,0,0,0,-0,-0,0,0,0,-0,0,-0,0,0,0,14.1351652145386,0,-0,-0,-0,0,0,0
0,0,0,-0,-0,0,0,0,0,0,0,-0,-0,-0,0,0,0,0,0,0,0,0,0,0,-0,0,0,0,0,-0,0,0,0,0,-0,0,0,0,0,0,-0,-0,0,-0,0,-0,0,-0,0,0,0,20.7494831085205,0,-0,-0,-0,0,0,0
0,0,0,0,-0,0,0,0,0,0,0,0,0,0,0,0,0,0,0,0,0,0,0,0,0,-0,0,0,0,-0,0,0,0,0,0,0,0,0,0,0,-0,-0,0,0,0,-0,0,-0,0,0,0,24.5006256103516,0,-0,0,-0,0,0,0
-0,-0,-0,-0,0,-0,0,0,0,0,0,-0,0,-0,-0,-0,0,0,0,0,0,0,0,0,0,-0,0,0,-0,-0,-0,0,-0,-0,0,0,0,0,0,0,-0,0,0,0,0,-0,0,-0,-0,0,0,10.6042919158936,0,-0,0,-0,0,0,0
-0,-0,0,-0,-0,-0,0,0,0,0,0,-0,0,-0,0,-0,0,0,0,0,0,0,0,11.9578876495361,-0,-0,0,0,-0,-0,0,0,0,0,-0,0,0,0,0,0,-0,-0,31.1468448638916,0,0,0,0,-0,0,0,0,0,0,-0,0,-0,0,0,0
0,0,0,-0,-0,0,0,0,0,0,27.3054141998291,0,0,-0,0,-0,0,0,0,0,32.9524955749512,0,21.3812503814697,0,-0,-0,0,0,-0,-0,-0,0,0,0,0,0,0,0,0,0,-0,-0,0,0,0,-0,0,-0,0,0,0,0,0,-0,0,-0,-0,0,0
0,0,0,-0,0,0,0,0,0,0,0,0,0,-0,-0,-0,0,0,35.4891548156738,28.1066646575928,0,0,0,0,0,-0,0,0,0,-0,0,0,6.53333520889282,0,-0,0,0,0,0,0,-0,-0,0,31.5308361053467,0,-0,24.7016658782959,-0,0,0,0,0,0,-0,0,-0,-0,0,0
0,0,0,0,0,0,0,0,0,0,0,0,0,-0,0,0,0,0,0,0,0,0,0,0,-0,4.62224817276001,26.8091735839844,12.9766654968262,14.1079139709473,-0,5.69667196273804,18.4566688537598,0,0,0,0,0,0,5.6258339881897,0,-0,-0,0,0,0,-0,0,-0,0,0,0,0,0,-0,-0,-0,0,0,0
0,0,0,0,0,0,0,0,0,0,0,-0,-0,-0,0,0,0,-0,-0,0,0,0,0,0,-0,-0,0,0,0,-0,0,0,-0,0,-0,-0,-0,-0,-0,-0,0,-0,10.9244518280029,-0,-0,-0,-0,-0,0,0,-0,-0,0,-0,0,-0,0,0,-0
0,0,0,0,0,-0,0,0,0,0,0,-0,0,0,0,0,0,-0,0,0,0,0,0,0,0,0,0,0,-0,0,0,0,-0,-0,-0,-0,-0,-0,-0,-0,-0,-0,6.95444059371948,-0,-0,-0,0,-0,-0,0,-0,-0,0,-0,-0,-0,-0,0,-0
0,0,0,0,0,0,0,0,0,0,0,-0,0,0,0,0,0,-0,0,0,0,0,0,0,-0,-0,0,0,-0,0,0,0,0,-0,-0,-0,-0,-0,0,-0,-0,-0,-0,-0,-0,0,-0,-0,0,0,-0,0,0,0,-0,0,0,0,-0
0,0,0,-0,0,0,0,0,0,0,0,0,0,-0,-0,0,0,0,0,0,0,0,0,0,-0,-0,0,0,0,-0,0,0,0,0,-0,0,0,0,0,0,-0,-0,0,0,0,-0,0,-0,0,0,0,0,0,-0,-0,-0,0,0,0
-0,0,-0,-0,-0,-0,-0,0,0,0,0,0,0,-0,0,-0,-0,0,0,0,0,0,0,0,-0,-0,0,0,0,-0,0,0,0,-0,0,0,0,0,0,0,0,0,0,0,13.2340745925903,0,30.8444423675537,6.03481721878052,0,0,0,0,0,-0,0,0,0,0,0
0,0,0,-0,-0,-0,0,0,0,0,0,-0,-0,-0,0,-0,0,0,0,0,0,0,0,0,0,-0,0,0,-0,-0,0,0,0,-0,0,0,0,0,0,0,-0,-0,0,-0,0,-0,0,-0,0,50.923095703125,0,0,0,-0,0,-0,0,0,0
0,-0,0,-0,0,-0,-0,0,0,-0,0,-0,0,-0,-0,-0,0,0,0,0,0,-0,0,0,-0,-0,0,0,0,-0,0,12.5139980316162,0,0,0,0,0,0,0,-0,0,0,0,-0,0,-0,0,0,0,0,-0,0,16.6199989318848,0,10.3610019683838,0,0,11.0609951019287,0
0,0,-0,0,-0,0,0,0,0,0,0,-0,0,0,0,-0,0,0,0,0,0,0,0,0,-0,-0,0,0,0,-0,0,0,0,0,0,0,0,0,0,0,-0,0,0,0,0,0,0,-0,0,0,0,0,11.0712661743164,-0,0,0,0,0,0
-0,-0,0,-0,0,-0,-0,0,0,0,0,0,-0,0,0,0,0,0,0,0,0,0,0,0,-0,-0,0,0,0,-0,0,0,0,-0,0,0,0,0,0,0,0,0,0,0,0,0,0,0,0,-0,0,0,0,-0,0,0,0,0,0
0,-0,-0,-0,-0,-0,0,0,0,0,0,0,0,-0,0,-0,0,0,0,0,0,0,0,0,0,0,0,0,-0,-0,0,0,0,0,0,0,0,0,0,0,0,0,0,0,0,0,0,-0,0,0,0,0,0,0,0,0,0,0,0
-0,-0,0,-0,-0,-0,0,0,0,0,0,-0,0,-0,0,-0,0,0,0,0,0,0,0,0,-0,-0,0,0,-0,0,0,0,0,0,-0,0,0,0,0,0,-0,-0,0,-0,0,0,0,-0,0,0,0,0,0,-0,-0,-0,0,0,0
0,0,0,0,0,0,0,0,0,0,0,-0,0,0,0,0,0,0,0,0,0,0,0,0,-0,0,0,0,0,0,0,0,0,0,0,0,0,0,0,-0,-0,-0,0,0,0,-0,0,-0,0,0,-0,0,0,0,0,0,0,0,0
0,0,0,-0,-0,-0,-0,0,0,0,0,0,-0,-0,0,0,-0,0,0,0,0,0,0,0,-0,-0,14.3413286209106,0,0,-0,0,72.7733383178711,0,-0,-0,0,0,0,0,0,0,-0,0,-0,-0,-0,0,-0,0,-0,-0,0,0,-0,0,-0,0,0,0
0,0,0,-0,-0,-0,-0,0,0,-0,0,-0,0,-0,-0,0,-0,-0,0,0,0,0,0,0,-0,0,24.2499961853027,0,0,-0,0,86.0668869018555,-0,0,0,-0,0,0,0,-0,-0,-0,-0,-0,0,0,0,-0,-0,-0,-0,0,0,-0,-0,-0,0,0,0
0,0,0,0,0,0,0,0,0,0,0,0,0,0,0,0,0,0,0,0,0,0,0,0,0,0,0,0,0,-0,0,0,0,0,0,0,-0,0,0,-0,-0,-0,-0,0,0,-0,-0,-0,0,0,-0,0,0,0,-0,-0,0,0,0
