55.4081535339355,75.5170440673828,83.0888824462891,19.9518527984619,19.7266635894775,0,0,0,0,0,0,-0,27.5822315216064,22.497034072876,20.0948104858398,94.208137512207,0,0,0,0,0,0,0,0,0,0,0,0,-0,-0,0,0,0,0,0,0,0,0,0,0,0,0,0,0,0,0,0,0,0,0,0,22.6355590820312,0,-0,0,0,0,39.9688873291016,0
55.257640838623,106.454483032227,122.057418823242,124.090072631836,125.973518371582,0,29.7058773040771,58.5547180175781,115.687629699707,95.8663482666016,95.8905792236328,0,42.1658897399902,32.7335319519043,80.9456100463867,114.50471496582,0,0,0,0,0,0,0,0,0,0,0,0,0,0,0,0,0,0,0,0,0,0,0,0,0,0,0,0,0,0,0,0,0,0,0,0,0,-0,0,0,0,0,0
104.423767089844,102.040618896484,110.91561126709,98.4781188964844,100.55436706543,0,0,69.2850036621094,92.8099975585938,70.4062347412109,83.4462432861328,0,46.820613861084,56.210693359375,37.0256271362305,64.838752746582,0,0,0,0,0,0,0,0,0,0,0,0,0,0,0,0,0,0,0,0,0,0,0,0,0,0,0,0,0,0,0,0,0,0,0,0,0,0,0,0,0,0,0
72.0546264648438,90.3100051879883,39.7607765197754,107.455375671387,84.7176971435547,0,60.1601905822754,0,0,98.5684509277344,48.8092308044434,0,76.4501647949219,0,80.5392303466797,0,0,0,0,0,0,0,16.4007663726807,0,0,0,0,0,-0,-0,0,0,0,0,0,0,0,0,0,0,0,0,0,0,0,-0,0,0,0,0,-0,0,0,-0,0,0,0,0,0
52.646110534668,93.4551162719727,0,113.611846923828,53.2616767883301,0,50.3227691650391,0,28.6866683959961,100.680320739746,31.184440612793,0,62.0450973510742,0,70.9494476318359,19.5416622161865,0,0,0,0,0,0,0,0,0,0,0,0,-0,0,0,0,0,0,0,0,0,0,0,0,0,0,0,0,0,0,0,0,0,21.2983303070068,-0,0,0,-0,0,0,0,0,0
31.2672729492188,59.7945556640625,0,0,0,0,13.9345560073853,0,57.0618324279785,0,0,0,0,0,0,65.9599990844727,0,0,0,0,0,0,0,0,0,0,0,0,0,-0,0,0,0,0,0,0,0,0,0,0,0,0,0,0,0,-0,0,0,0,0,0,0,0,-0,0,0,0,0,0
69.8145446777344,84.1772689819336,33.2336273193359,99.1481704711914,81.1854553222656,0,52.3472747802734,0,0,87.1027221679688,51.2763557434082,0,69.7301940917969,0,76.7936325073242,0,0,0,0,26.4418163299561,0,0,0,0,0,0,0,0,-0,0,0,0,0,0,0,0,0,0,0,0,0,0,0,0,0,-0,0,0,0,0,0,0,0,-0,0,0,0,0,0
0,54.5764236450195,48.7407150268555,55.1285743713379,65.8585586547852,0,49.2014274597168,43.5435752868652,0,76.9042892456055,0,0,58.2892875671387,20.5942840576172,49.3564338684082,0,0,0,0,0,0,0,22.1399993896484,0,0,0,0,0,-0,-0,0,0,0,0,0,0,0,0,0,0,0,0,0,0,0,0,0,0,0,0,0,0,0,0,0,0,0,0,0
0,63.3343963623047,79.4855880737305,57.2943954467773,66.238395690918,0,31.1367988586426,52.5968017578125,0,56.88720703125,50.7847938537598,0,43.2615928649902,47.7168083190918,28.601598739624,0,0,0,0,0,0,0,0,0,0,0,0,0,-0,-0,0,0,0,40.8536071777344,0,0,0,0,0,0,0,0,0,0,0,0,0,0,0,0,0,0,0,-0,0,0,0,0,0
57.2745628356934,63.9900131225586,86.3063659667969,45.5990943908691,81.8563537597656,0,18.3854503631592,38.2563667297363,63.3881874084473,0,57.8863639831543,0,37.609992980957,53.2612800598145,0,74.2227249145508,0,0,0,0,0,0,14.4981832504272,0,0,0,0,-0,-0,-0,0,0,0,54.1490821838379,0,0,0,0,0,0,0,-0,0,0,0,0,0,0,0,0,0,0,0,-0,0,0,0,0,0
0,0,62.6212387084961,57.6037559509277,0,0,0,0,0,0,61.8574905395508,0,0,0,0,0,0,0,0,0,0,0,0,0,0,0,0,0,-0,0,0,0,0,0,0,0,0,0,0,0,0,0,0,0,0,-0,0,0,0,0,0,0,0,-0,0,0,0,0,0
0,0,52.1990547180176,61.2419090270996,0,0,0,0,0,0,47.6819038391113,0,0,0,0,0,0,0,0,0,0,0,0,0,0,0,0,0,-0,-0,0,0,0,0,0,0,0,0,0,0,0,0,0,0,0,0,0,0,0,0,0,0,0,-0,0,0,0,0,0
8.26999759674072,17.6822166442871,15.1466608047485,23.8999977111816,18.9311103820801,0,0,7.30666923522949,21.4400005340576,23.879997253418,20.8994464874268,-0,0,0,13.8977727890015,16.0577774047852,0,0,0,0,0,0,0,0,0,0,0,0,0,0,0,0,0,0,0,0,0,0,0,0,0,0,0,0,0,0,0,0,0,0,0,0,0,-0,0,0,0,0,0
0,8.8033275604248,14.913330078125,20.2788791656494,15.6388816833496,0,0,10.6677684783936,16.7511081695557,17.8688869476318,16.8755569458008,0,0,10.7911109924316,9.23221874237061,0,0,0,0,0,0,0,0,0,0,0,0,0,0,-0,0,0,0,0,0,0,0,0,0,0,0,0,0,0,0,-0,0,0,0,0,0,0,0,-0,0,0,0,0,0
0,16.6841850280762,0,44.704174041748,32.2832527160645,0,0,11.3725547790527,18.4753494262695,56.9362831115723,37.1041831970215,0,0,0,9.31395244598389,0,0,0,0,0,0,0,0,0,0,0,0,0,0,0,0,0,0,0,0,0,0,0,0,0,0,0,0,0,0,0,0,0,0,0,0,0,0,-0,0,0,0,0,0
0,49.3162498474121,0,68.125,48.7662506103516,0,0,0,0,72.8237457275391,0,0,0,0,33.3400001525879,0,0,0,0,0,0,0,0,0,0,0,0,0,-0,-0,0,0,0,0,0,0,0,0,0,0,0,0,0,0,0,-0,0,0,0,0,0,0,0,-0,0,0,0,0,0
0,57.5923767089844,0,80.5666656494141,76.0038070678711,0,0,0,0,91.1542816162109,0,0,0,0,32.2533340454102,0,0,0,0,0,0,0,0,0,0,0,0,0,0,0,0,0,0,0,0,0,0,0,0,0,0,-0,0,0,0,0,0,0,0,0,0,0,0,-0,0,0,0,0,0
85.0508422851562,0,0,0,0,0,31.9283294677734,0,0,0,33.5291633605957,0,42.3900032043457,0,0,0,45.3374938964844,0,0,0,0,26.6483364105225,0,0,0,0,0,0,-0,-0,0,0,0,0,0,0,0,0,0,0,0,0,0,0,0,-0,0,0,0,19.4149951934814,0,0,0,-0,0,0,0,0,0
107.238571166992,65.9700012207031,0,0,0,0,34.4073371887207,0,0,0,65.4820022583008,0,49.6806793212891,0,0,0,71.1126708984375,0,0,0,0,0,0,0,0,0,0,0,0,0,0,0,0,0,0,0,0,0,0,0,0,0,0,0,0,0,0,0,0,38.8689956665039,0,0,0,0,0,0,0,0,0
125.163681030273,0,0,0,0,0,0,0,93.3586883544922,0,0,15.5890302658081,0,0,0,0,81.9961318969727,0,0,0,0,0,0,0,0,0,0,-0,-0,-0,0,0,0,0,0,0,0,0,0,0,0,0,0,0,0,0,0,0,0,0,0,0,0,0,0,0,0,0,0
0,0,0,0,0,0,0,0,0,0,0,0,0,0,0,0,0,0,0,0,0,0,0,0,0,0,0,0,0,0,0,0,0,0,0,0,0,0,0,0,0,0,0,0,0,0,0,0,0,0,0,0,0,-0,0,0,0,0,0
0,0,0,0,0,0,0,0,0,0,0,0,0,0,0,0,0,0,0,0,0,0,0,0,0,0,0,0,0,-0,0,0,0,0,0,0,0,0,0,0,0,0,0,0,0,-0,0,0,0,0,0,0,0,-0,0,0,0,0,0
0,0,0,0,0,0,0,0,0,0,0,0,0,0,0,0,0,0,0,0,0,0,0,0,0,0,0,0,0,-0,0,0,0,0,0,0,0,0,0,0,0,-0,0,0,0,-0,0,0,0,0,0,0,0,-0,0,0,0,0,0
0,57.8643531799316,0,84.7617492675781,95.8017349243164,0,0,0,0,101.998260498047,0,0,0,0,31.0130405426025,0,0,0,0,0,0,0,0,0,0,0,0,0,-0,-0,0,0,0,0,0,0,0,0,0,0,0,0,0,0,0,0,0,0,0,0,0,0,0,-0,0,0,0,0,0
-0,-0,-0,-0,-0,19.200662612915,21.6273326873779,91.2853164672852,89.3006744384766,82.5399856567383,88.1346664428711,38.2332763671875,0,24.756664276123,29.1060009002686,78.4900054931641,0,29.525333404541,137.499313354492,155.054000854492,93.9093322753906,122.744873046875,33.9913291931152,99.3022537231445,81.689338684082,0,0,0,0,-0,0,0,47.7046699523926,109.51065826416,31.9240074157715,99.7059860229492,92.1253280639648,97.345329284668,0,0,0,61.4453277587891,95.233268737793,86.942008972168,44.3253326416016,7.04334115982056,77.7921371459961,102.994979858398,63.7601356506348,0,0,0,147.621170043945,19.671329498291,0,127.578681945801,73.9693450927734,140.745803833008,78.7679977416992
-0,-0,0,0,-0,9.74064826965332,53.9340171813965,108.373062133789,123.326461791992,103.259216308594,126.834167480469,0,0,18.8232326507568,0,0,0,84.9646682739258,186.529190063477,190.902786254883,87.2141876220703,0,0,0,101.838050842285,0,0,-0,0,-0,0,0,91.4245147705078,0,0,0,0,0,0,0,0,0,0,85.094856262207,0,0,0,0,0,0,0,0,0,50.3772239685059,0,120.761924743652,124.425422668457,0,61.4071083068848
0,0,0,0,0,0,0,50.8988914489746,64.8844451904297,62.6100006103516,61.6522216796875,0,0,0,0,0,0,20.5277786254883,34.5022163391113,61.9244384765625,0,0,0,65.0011138916016,42.4611053466797,0,0,-0,0,-0,0,0,0,51.0211181640625,0,0,0,39.0444374084473,0,0,0,0,0,0,0,0,0,0,0,0,0,0,0,0,0,31.4900035858154,0,0,25.6788902282715
-0,-0,-0,-0,-0,0,0,41.5718116760254,89.7927322387695,34.9027328491211,89.261833190918,0,0,0,0,35.7381858825684,0,0,151.820907592773,0,0,0,0,0,0,0,0,0,0,-0,0,0,33.5872764587402,0,81.6290893554688,65.1781845092773,104.676734924316,104.385231018066,0,0,0,96.2916488647461,0,0,0,0,0,0,0,0,0,0,25.9245471954346,0,0,46.093635559082,33.4527244567871,0,76.9596405029297
-0,-0,0,-0,-0,0,0,28.5173454284668,53.755989074707,25.3053379058838,52.1346664428711,0,34.3813323974609,0,0,39.0733413696289,0,0,90.1333236694336,75.7146759033203,48.932014465332,0,26.492000579834,0,0,0,0,0,0,0,0,0,32.9253387451172,0,32.8279914855957,62.4413452148438,56.9853363037109,60.4040184020996,0,52.7979927062988,26.505334854126,62.0706748962402,0,39.9813423156738,0,0,38.026668548584,0,0,0,0,0,68.2986679077148,0,0,0,37.9373397827148,62.4360008239746,0
0,0,0,0,0,0,0,0,145.535034179688,63.4490928649902,62.0993881225586,0,0,0,0,153.615158081055,74.9460525512695,17.8290958404541,0,0,0,0,0,0,12.501823425293,0,0,0,-0,0,0,0,0,0,0,0,0,24.6769714355469,0,0,0,0,0,0,0,0,0,0,-0,33.5115203857422,61.922607421875,0,0,-0,0,150.822647094727,0,0,100.548347473145
-0,-0,0,0,0,0,0,10.6957588195801,28.3424263000488,0,18.0236377716064,0,0,0,0,0,0,0,25.1133270263672,0,0,0,0,0,0,0,0,0,0,0,0,0,0,0,0,0,0,0,0,0,0,0,0,0,0,-0,0,0,0,5.7096962928772,0,0,0,0,0,0,0,0,0
0,0,0,0,0,0,0,0,62.1368637084961,0,0,0,12.7587490081787,0,0,0,23.8625011444092,43.4637489318848,0,51.1650085449219,0,0,0,0,0,0,0,-0,0,-0,0,0,0,0,0,0,0,0,0,0,0,0,0,0,0,0,0,0,0,0,0,0,0,0,0,25.8237438201904,0,0,51.5443725585938
-0,-0,-0,-0,-0,0,10.5193061828613,0,61.9758605957031,0,48.4917221069336,0,0,0,0,0,0,0,0,72.840705871582,0,0,0,0,0,0,0,-0,0,0,-0,0,0,0,0,0,0,0,0,0,0,0,0,0,0,0,0,0,0,0,0,0,0,49.6158714294434,0,88.5889587402344,0,0,30.292407989502
0,-0,0,0,0,0,0,0,0,0,0,0,0,0,0,0,0,0,0,0,0,0,0,0,0,0,0,-0,-0,-0,0,0,0,0,0,0,0,0,0,0,0,0,0,0,0,0,0,0,0,0,0,0,0,0,0,0,0,0,0
-0,-0,-0,-0,-0,0,0,48.9208068847656,75.053581237793,47.0832023620605,80.1559982299805,0,0,0,0,0,-0,0,119.792015075684,131.340774536133,94.1424026489258,92.2664031982422,68.7447967529297,0,0,0,0,-0,0,-0,-0,0,0,0,0,0,0,0,0,0,0,0,37.7127990722656,51.5528030395508,0,39.0443572998047,58.2279968261719,0,0,0,0,0,0,0,0,0,0,65.148796081543,46.0479965209961
0,0,0,0,0,0,0,0,0,87.7183990478516,0,0,0,0,0,0,0,0,0,0,0,0,0,71.9352035522461,72.5743865966797,0,0,-0,0,-0,0,0,0,0,-0,-0,-0,22.8927993774414,0,0,-0,-0,62.6960067749023,0,0,0,0,0,-0,0,15.6071949005127,0,0,-0,0,86.1560134887695,0,0,25.9200019836426
0,0,0,21.307056427002,0,0,26.5753002166748,55.2305870056152,67.055305480957,67.2176513671875,50.0717582702637,0,0,0,0,0,0,35.2599906921387,58.9235305786133,102.351760864258,82.990592956543,48.9882354736328,28.980001449585,27.7482376098633,18.7588214874268,-0,0,-0,-0,-0,0,0,48.2976417541504,0,0,0,0,0,0,0,0,0,0,18.9988250732422,0,-0,0,0,-0,15.5494165420532,0,0,0,26.3329391479492,0,37.9376487731934,0,0,42.9117660522461
-0,-0,0,0,0,0,0,0,0,0,0,0,0,0,0,0,0,0,0,0,0,0,0,0,0,0,0,-0,0,-0,0,0,0,0,0,0,0,0,0,0,0,0,0,0,0,0,0,0,0,0,0,0,0,0,0,0,0,0,0
0,0,0,0,0,0,0,0,63.0928649902344,0,63.9142799377441,0,0,0,0,0,0,0,77.5300064086914,104.672866821289,123.488571166992,116.602851867676,113.48999786377,64.5757141113281,0,0,0,-0,0,-0,0,0,0,71.4657135009766,0,0,0,0,0,0,0,0,0,60.1371383666992,0,0,47.9328575134277,42.3114356994629,0,0,0,0,0,0,0,0,0,0,0
12.4210624694824,0,0,0,11.8000040054321,0,0,16.9515705108643,35.7663078308105,28.6831569671631,31.1010513305664,0,0,0,0,0,12.7315788269043,14.353687286377,10.7410507202148,21.4578990936279,0,17.1568374633789,0,14.7768430709839,0,0,0,0,0,0,0,0,10.5273790359497,12.6957912445068,0,0,0,0,0,0,0,0,0,17.1294708251953,8.6242094039917,0,16.248420715332,0,10.1221027374268,8.86316108703613,7.76315641403198,0,0,-0,0,0,0,0,0
-0,-0,0,0,-0,0,0,0,0,0,0,0,0,0,0,0,0,0,0,175.315612792969,102.226669311523,0,0,63.5881538391113,81.4259185791016,0,0,-0,-0,-0,0,0,0,0,64.7140808105469,62.2473945617676,69.1325912475586,64.1207427978516,0,0,0,30.9044456481934,0,0,0,0,38.6451835632324,0,0,9.48888683319092,15.2629642486572,36.8829650878906,0,0,68.3562850952148,94.1866683959961,84.2459182739258,0,79.7014770507812
0,0,-0,0,0,0,0,34.2226638793945,78.9413223266602,63.9286651611328,65.2699890136719,0,0,0,0,0,0,0,0,97.0533218383789,96.560676574707,89.3020172119141,70.7346649169922,44.9733276367188,0,0,0,-0,0,-0,0,0,0,0,0,0,0,0,0,0,0,0,0,0,0,0,0,0,0,0,0,0,0,0,0,0,0,0,0
-0,-0,-0,0,-0,22.0974197387695,0,0,0,0,0,0,0,0,0,0,0,0,0,0,0,0,0,0,0,0,0,0,0,-0,0,0,0,0,0,0,0,0,0,0,0,0,0,0,35.2941932678223,0,0,0,0,0,16.6096782684326,0,0,0,28.1187191009521,0,0,0,0
76.548942565918,0,0,0,0,32.5561637878418,0,0,63.2336158752441,0,0,0,0,0,0,57.7425498962402,0,0,0,0,0,0,0,0,0,0,0,0,-0,-0,0,0,0,0,0,0,0,0,0,0,0,0,0,0,0,0,0,0,0,0,0,0,0,-0,0,0,0,0,0
0,-0,-0,-0,0,0,0,0,57.3368377685547,38.812629699707,53.6768341064453,0,0,0,0,0,0,0,0,0,79.1568374633789,43.7336807250977,48.1136817932129,43.8778915405273,27.7252559661865,0,0,-0,0,-0,0,0,29.4789428710938,0,0,55.1368293762207,25.7978897094727,40.7905311584473,0,0,0,0,36.791576385498,0,0,0,0,0,0,0,0,0,0,0,0,0,0,0,0
0,0,0,0,0,0,0,0,0,0,0,0,0,0,0,0,0,0,0,0,0,0,0,0,0,0,0,0,-0,0,0,0,0,0,0,0,0,0,0,0,0,0,0,0,0,-0,0,0,0,0,0,0,0,-0,0,0,0,0,0
0,0,27.6800022125244,0,0,0,0,19.6354846954346,36.8883857727051,0,0,0,0,0,0,28.5154838562012,13.8871011734009,0,0,0,0,0,0,0,0,0,0,0,-0,-0,0,0,0,0,0,0,0,0,0,0,0,0,0,0,0,-0,0,0,0,0,0,0,0,-0,0,0,0,0,0
0,-0,0,0,0,0,0,0,0,17.4537467956543,0,0,0,0,0,0,0,0,0,0,0,0,0,0,0,0,0,0,0,0,0,0,0,16.3537483215332,0,0,0,0,0,0,0,0,-0,0,0,-0,0,0,0,0,0,0,0,-0,0,19.4674987792969,0,0,0
-0,-0,-0,0,-0,8.68000411987305,19.4323043823242,43.8207664489746,0,58.8192329406738,0,0,0,0,0,0,0,40.8407669067383,51.2061500549316,94.5138397216797,0,0,0,0,42.3899993896484,0,0,-0,-0,-0,-0,0,0,0,0,0,0,0,0,0,0,0,0,0,0,0,0,0,-0,0,0,0,0,0,0,0,0,0,0
0,0,0,0,0,0,0,40.6129455566406,42.2505950927734,0,40.2976493835449,0,0,0,0,0,0,0,0,0,0,0,0,0,0,0,0,-0,0,-0,0,0,0,0,0,0,0,0,0,0,0,0,0,0,0,-0,0,0,0,0,0,0,0,0,0,0,0,0,0
0,0,-0,0,0,0,0,31.3578586578369,0,55.8378524780273,52.5871391296387,0,0,0,0,15.4871473312378,0,0,31.8864307403564,0,51.6028671264648,66.2285842895508,39.1064262390137,0,33.9742965698242,0,0,-0,0,-0,0,0,0,0,21.705005645752,47.3871383666992,15.9235763549805,0,0,0,26.37428855896,0,0,0,0,0,0,0,0,0,0,0,0,0,0,0,0,0,0
0,-0,0,-0,-0,0,17.8108386993408,30.0733280181885,29.2350025177002,33.5750007629395,25.1549987792969,0,0,0,0,0,0,0,0,0,0,0,0,14.8916673660278,0,0,0,-0,0,-0,0,0,13.4441652297974,0,0,0,0,23.4291667938232,0,0,0,0,0,0,0,0,0,0,0,0,0,0,0,0,0,0,0,20.913330078125,0
65.442268371582,51.8559074401855,0,0,0,0,30.7472705841064,0,0,62.6727294921875,0,8.8781795501709,39.8381805419922,0,32.3549957275391,0,0,0,0,0,26.7186336517334,0,25.7359066009521,0,0,0,0,0,-0,-0,0,0,0,0,0,0,0,0,0,0,0,0,0,0,0,-0,0,0,0,0,0,0,0,-0,0,0,0,0,0
-0,-0,-0,-0,-0,0,5.64846467971802,41.395378112793,0,43.6638450622559,60.3961448669434,27.7330799102783,26.3407669067383,31.6607666015625,24.5253868103027,40.5592308044434,-0,0,90.584602355957,106.622314453125,61.8007736206055,75.3915328979492,40.7530746459961,22.8607654571533,17.8907737731934,0,-0,-0,0,-0,-0,0,0,0,29.7784614562988,46.0738525390625,33.7646102905273,35.2730751037598,0,0,16.2038440704346,0,24.0807571411133,0,0,25.8938465118408,43.7392311096191,25.6792259216309,7.96615600585938,0,0,0,62.6700057983398,0,74.4584503173828,0,34.0538520812988,55.2038345336914,38.2392311096191
-0,-0,-0,-0,-0,0,0,0,0,0,0,0,0,0,0,0,0,0,0,102.849517822266,46.7723846435547,86.413330078125,57.420955657959,0,0,0,0,-0,0,-0,-0,0,0,0,0,0,0,0,0,0,0,0,0,0,0,0,0,0,0,0,0,0,0,0,0,0,0,0,0
0,0,0,0,0,0,15.788125038147,34.0337448120117,45.5112495422363,0,44.6087493896484,22.8268756866455,0,0,14.1112499237061,0,0,0,34.291877746582,0,57.0943832397461,60.538745880127,41.2943725585938,0,0,0,0,0,0,-0,0,0,0,0,0,0,11.0087518692017,0,0,0,0,0,0,0,0,0,0,0,0,0,0,0,0,0,0,0,0,0,0
-0,-0,-0,-0,-0,0,0,37.9775009155273,41.0580062866211,36.3055000305176,45.015007019043,22.5880012512207,0,8.50149822235107,18.6820011138916,15.1519985198975,0,0,56.3830070495605,80.786003112793,46.5895004272461,50.5915107727051,37.9295082092285,22.4594993591309,0,0,0,-0,0,-0,0,0,17.4729976654053,18.545991897583,0,0,0,0,0,0,0,13.0629978179932,0,0,0,-0,12.0050010681152,0,-0,0,0,0,18.9194984436035,0,0,0,0,0,0
-0,-0,-0,-0,-0,0,0,0,0,0,0,0,24.0816669464111,0,0,0,24.9041728973389,0,0,0,0,0,0,0,0,0,0,0,-0,0,0,0,0,0,38.6566696166992,63.694995880127,0,0,58.7891693115234,57.5289497375488,67.4199981689453,0,0,0,0,0,35.0158271789551,0,0,15.9883298873901,0,0,106.391662597656,0,98.125862121582,0,79.2900085449219,95.2691650390625,0
-0,-0,0,-0,-0,0,0,37.784008026123,41.9679985046387,33.5320014953613,33.6869926452637,0,0,36.7919960021973,0,34.4019966125488,0,0,0,0,0,0,0,0,0,0,-0,-0,0,-0,-0,0,0,0,44.765007019043,57.4339981079102,36.4309959411621,0,40.9240036010742,0,0,0,0,0,0,0,0,0,0,0,0,20.1740016937256,0,0,68.2700042724609,0,53.4430046081543,60.1319961547852,0
51.050838470459,54.2641639709473,54.1908378601074,59.5708312988281,53.5816650390625,0,24.6991653442383,40.8658409118652,48.1941566467285,0,42.8416633605957,0,0,24.7958297729492,26.792501449585,24.7100048065186,0,0,0,0,0,0,0,0,0,0,0,0,-0,-0,0,0,0,0,0,0,0,0,0,0,0,0,0,0,0,0,0,0,0,0,0,0,0,0,0,0,0,0,0
-0,-0,0,-0,-0,0,0,0,0,0,0,0,0,0,0,0,0,0,0,0,0,0,0,0,0,0,0,-0,0,-0,0,0,0,0,0,0,0,0,0,0,0,0,0,0,0,0,0,0,0,0,0,0,0,0,0,0,0,0,0
0,-0,-0,0,0,0,0,31.4488906860352,46.2944488525391,34.8222236633301,48.777759552002,0,15.8877801895142,0,0,34.5088920593262,0,38.5777893066406,83.195556640625,117,79.8088912963867,38.9511184692383,0,0,0,0,0,-0,0,-0,0,0,0,0,0,0,0,0,0,0,0,0,0,0,52.4633331298828,0,0,0,0,0,0,0,57.3733329772949,0,0,0,30.5066738128662,0,0
-0,-0,0,-0,-0,0,0,0,0,0,0,0,15.7210626602173,0,0,80.9052658081055,0,0,182.100021362305,178.966339111328,62.7652702331543,0,25.6294784545898,33.564208984375,0,0,0,-0,0,-0,-0,0,129.280548095703,0,0,65.525260925293,0,0,0,0,87.0999984741211,0,0,141.032379150391,79.603157043457,0,0,141.224731445312,0,0,0,47.744213104248,0,49.2042083740234,38.6884269714355,94.3873596191406,141.013153076172,0,52.0305252075195
0,0,0,0,0,0,0,0,0,0,0,0,0,0,0,0,0,0,0,0,0,0,0,0,0,0,0,-0,-0,-0,0,0,0,0,0,0,0,0,0,0,0,0,0,0,0,0,0,0,-0,0,0,0,0,0,0,0,0,0,0
0,0,0,0,0,0,0,0,0,0,0,0,0,0,0,0,0,0,0,0,0,0,0,0,0,0,0,-0,-0,-0,0,0,0,0,0,0,0,0,0,0,0,0,0,0,0,0,0,0,-0,0,0,0,0,0,0,0,0,0,0
0,0,0,0,0,0,0,0,0,0,0,0,0,0,0,0,54.7922515869141,0,0,0,0,0,0,0,0,0,0,-0,0,-0,0,0,0,0,0,0,0,0,0,0,0,0,0,0,0,0,0,0,-0,0,0,0,0,0,0,0,0,0,0
0,0,0,0,0,0,0,0,61.146656036377,0,39.9050102233887,0,0,0,0,31.8649978637695,93.4326553344727,0,0,0,0,0,0,0,0,0,0,-0,0,-0,0,0,0,0,0,0,0,0,0,0,0,0,0,0,0,0,0,0,-0,13.1416692733765,25.1641597747803,22.5358333587646,0,0,0,0,0,0,0
-0,-0,-0,-0,-0,0,0,0,55.705265045166,0,50.5610466003418,0,0,0,0,0,0,36.9926338195801,0,74.8915786743164,81.1484375,80.0094604492188,67.3189468383789,0,0,0,0,0,0,-0,0,0,0,0,0,0,0,0,0,0,0,0,0,0,0,0,0,0,0,0,0,0,0,0,0,0,0,0,0
0,0,0,0,0,0,0,0,0,0,0,0,0,0,0,0,0,34.3439979553223,0,0,0,0,0,0,0,0,0,-0,0,-0,0,0,0,0,0,0,0,0,0,0,0,0,0,0,0,0,0,0,0,0,0,0,0,0,0,0,0,0,0
0,0,0,0,0,0,0,0,0,0,0,0,0,0,0,0,0,23.0212898254395,56.8548431396484,87.4096832275391,60.7135429382324,60.9206581115723,50.9193458557129,39.0729103088379,24.5619297027588,0,0,0,0,0,0,0,36.2651596069336,55.0458030700684,16.6787090301514,31.9677486419678,22.5154838562012,36.1187057495117,17.6090316772461,14.5322580337524,20.7245216369629,17.8729057312012,31.7670974731445,45.4574317932129,35.1587066650391,12.0574207305908,21.7167778015137,23.3393592834473,20.9961338043213,0,13.3341875076294,0,50.6135482788086,0,55.004508972168,40.756778717041,42.7051658630371,69.8038787841797,39.1535568237305
-0,-0,0,0,-0,0,10.0258340835571,52.6224975585938,66.1933288574219,49.8224906921387,61.7691535949707,15.3666610717773,25.818338394165,0,0,66.0108108520508,0,0,155.463363647461,141.993347167969,97.0958480834961,48.2941780090332,46.2974967956543,0,22.056661605835,0,-0,-0,0,-0,-0,0,40.2958374023438,0,0,0,0,0,60.1300048828125,29.5458316802979,34.372501373291,0,0,77.099983215332,76.1308364868164,0,67.8666610717773,75.4033279418945,0,0,0,0,0,17.0366687774658,102.302772521973,0,57.0916595458984,51.915843963623,0
0,0,0,0,0,-0,0,12.3728551864624,10.2678661346436,15.7378559112549,8.93000602722168,0,0,0,0,0,0,0,11.607855796814,22.9442901611328,0,22.7800006866455,0,15.5121479034424,12.5614318847656,0,0,-0,-0,-0,-0,0,7.27785158157349,0,19.6814308166504,8.53643608093262,13.8278503417969,10.4921417236328,15.6964311599731,16.9914283752441,0,10.2985639572144,-0,0,0,-0,9.27928161621094,0,0,0,-0,0,14.831431388855,-0,15.8764276504517,12.4642858505249,16.9035663604736,14.6328582763672,7.88857173919678
0,0,0,0,0,-0,0,0,0,0,11.2715454101562,0,0,0,0,0,0,0,8.77845668792725,19.5792369842529,15.1684665679932,20.8846168518066,14.8861503601074,0,0,0,0,0,0,-0,0,0,0,11.3469171524048,0,0,0,0,0,0,0,-0,-0,5.98308134078979,0,-0,6.42922735214233,0,0,0,-0,-0,0,-0,0,0,0,0,0
0,0,0,0,0,0,16.8303203582764,0,0,0,0,0,0,0,0,0,0,0,0,0,0,131.829162597656,0,0,0,0,0,-0,-0,-0,0,0,0,0,0,0,0,0,0,0,0,0,0,0,0,0,0,0,0,26.2871017456055,0,37.7845191955566,0,0,35.2612953186035,0,0,34.3780632019043,0
-0,-0,0,-0,-0,0,0,0,0,0,0,0,14.7487983703613,0,0,0,0,0,0,0,0,46.4351959228516,65.9976043701172,0,0,0,0,0,0,-0,0,0,0,0,0,0,0,0,0,0,0,0,0,0,0,0,0,0,0,13.9223909378052,0,0,0,0,0,0,0,0,0
-0,-0,0,-0,-0,0,0,0,0,0,0,0,0,0,0,0,0,0,0,0,0,74.1171417236328,0,0,0,0,0,0,0,-0,0,0,0,54.973331451416,14.8657140731812,0,0,26.4980907440186,16.0647678375244,0,0,18.6400089263916,0,0,0,0,0,0,0,14.6999959945679,0,0,60.7476234436035,17.8142871856689,67.8238143920898,52.3914337158203,43.3923835754395,54.201904296875,24.2057228088379
0,-0,-0,0,0,0,0,0,42.0873641967773,0,41.2231636047363,44.6825714111328,29.8957901000977,10.4842109680176,19.8263034820557,74.4663314819336,0,0,135.707382202148,138.569488525391,117.010513305664,129.338958740234,103.407371520996,30.6778984069824,24.214750289917,0,0,-0,0,-0,0,0,94.7863159179688,31.339994430542,28.0505237579346,0,30.3673706054688,0,0,13.5536851882935,82.4947280883789,0,0,109.787376403809,97.5389404296875,0,21.7231636047363,112.697898864746,28.0726356506348,19.9547309875488,0,0,0,16.2252559661865,0,0,56.6800079345703,32.4526329040527,40.8873596191406
0,-0,0,0,0,8.15652084350586,0,0,14.6391324996948,0,14.3182601928711,0,0,0,0,0,0,0,12.9800043106079,23.8365211486816,19.9669551849365,20.8452205657959,17.931303024292,14.4530372619629,5.94347763061523,0,0,0,-0,0,0,0,0,0,0,9.94434833526611,0,0,0,0,0,0,0,0,0,-0,0,0,0,0,-0,0,0,0,0,0,0,0,0
0,-0,0,0,0,0,0,0,0,0,0,0,0,0,0,0,0,0,0,0,32.5836448669434,50.6254501342773,37.3536376953125,0,0,0,0,-0,0,-0,0,0,0,0,0,0,0,0,0,0,0,0,0,0,0,0,0,0,0,0,0,0,0,0,0,0,0,0,0
-0,-0,-0,-0,-0,0,0,0,0,0,0,0,0,0,0,44.2872772216797,0,0,147.669082641602,115.758171081543,0,0,0,0,0,0,0,-0,0,-0,-0,0,109.638175964355,0,0,0,0,0,0,0,0,0,0,116.29182434082,109.896354675293,0,0,104.650924682617,18.7672729492188,0,0,0,0,0,0,0,0,0,0
0,-0,0,0,-0,0,0,32.0373840332031,71.1591262817383,42.3156547546387,67.633903503418,0,0,0,0,0,0,44.856517791748,112.1669921875,126.242614746094,146.589019775391,100.686088562012,126.516540527344,0,0,0,0,-0,0,-0,0,0,23.0773868560791,53.4382591247559,0,24.2400016784668,0,0,0,0,0,0,77.8765182495117,46.7391319274902,0,0,0,0,0,0,0,0,0,0,0,40.8878173828125,0,0,35.3260879516602
-0,-0,-0,-0,-0,0,20.7336368560791,38.0109176635742,46.128173828125,28.807279586792,40.4563789367676,0,0,0,0,0,17.1090927124023,0,0,0,0,0,0,0,0,-0,-0,-0,0,-0,-0,0,0,0,0,0,0,0,0,0,0,0,0,0,0,0,0,0,0,28.248176574707,0,0,0,0,0,0,0,0,0
0,0,-0,0,0,0,0,0,0,0,0,0,0,0,0,0,0,0,53.4310340881348,81.2200164794922,74.0420608520508,0,0,0,0,0,0,-0,0,-0,0,0,23.7482719421387,0,0,0,0,0,0,0,0,0,0,32.3358573913574,33.963451385498,0,17.890344619751,0,0,0,0,0,0,0,0,0,0,35.5048332214355,37.8903541564941
-0,-0,-0,-0,-0,0,0,0,0,0,0,0,0,0,0,0,0,0,74.3345413208008,0,42.3681793212891,0,28.6854553222656,0,13.864541053772,0,0,-0,0,-0,-0,0,54.8063621520996,0,0,0,0,0,0,0,0,0,0,62.562744140625,51.9718246459961,0,18.9345417022705,28.4381904602051,0,0,0,0,67.6954650878906,25.6536331176758,67.0718078613281,57.9809226989746,48.0254554748535,45.5272750854492,52.2345428466797
-0,-0,-0,-0,-0,0,0,0,0,0,0,0,0,0,0,17.2939357757568,-0,0,0,0,22.4745483398438,23.7030296325684,22.2842483520508,17.6266670227051,13.0424289703369,0,-0,-0,-0,-0,-0,0,41.7727279663086,46.3054580688477,17.978178024292,27.6715221405029,26.7357559204102,40.912727355957,0,0,0,21.62424659729,-0,35.9084854125977,0,-0,0,0,-0,0,-0,0,41.9115180969238,0,36.8557586669922,0,0,32.3078765869141,0
-0,-0,0,0,-0,0,0,0,0,0,0,0,0,0,0,0,0,0,0,75.1341171264648,50.9670524597168,60.1164779663086,45.5788230895996,22.768238067627,0,0,0,-0,0,-0,0,0,0,0,0,0,0,0,0,0,0,0,0,0,0,0,0,0,0,0,0,0,0,0,0,0,0,0,0
0,0,0,0,0,0,0,0,0,0,0,0,0,0,0,0,0,0,0,0,0,0,17.0288963317871,0,0,0,0,0,-0,-0,0,0,0,0,0,0,0,0,0,0,0,0,0,0,0,-0,0,0,0,0,0,-0,0,0,0,0,0,0,0
0,-0,0,-0,-0,0,0,0,0,0,0,0,0,0,0,0,0,0,0,0,0,0,0,45.2600021362305,22.7872753143311,0,0,-0,0,-0,0,0,0,0,0,0,0,0,0,0,0,0,0,0,0,0,0,0,0,0,0,0,0,0,0,0,0,0,0
0,-0,0,0,0,0,0,0,0,0,0,0,0,0,0,0,0,0,28.4988231658936,49.3494148254395,36.2623558044434,36.8305931091309,33.6882438659668,28.9164638519287,18.330587387085,0,0,-0,0,0,0,0,0,0,0,0,0,0,0,0,0,0,0,0,0,-0,0,0,0,0,0,0,0,0,0,0,0,0,0
0,0,0,0,0,0,0,0,0,81.8636856079102,0,0,0,0,0,0,0,0,0,133.829986572266,0,0,0,94.4816360473633,82.0126419067383,0,0,-0,-0,-0,0,0,0,0,0,0,0,0,0,0,0,0,0,0,0,0,0,0,0,0,45.3036727905273,0,0,0,0,0,0,0,0
0,0,0,0,0,0,0,0,0,0,0,0,0,0,0,0,0,0,0,0,0,0,0,63.5977783203125,39.4533309936523,0,0,-0,-0,-0,0,0,0,0,0,39.0755615234375,0,0,0,0,0,0,0,0,0,0,0,0,0,23.5644493103027,39.6344451904297,0,0,0,0,0,0,0,0
0,-0,0,0,0,-0,0,0,0,0,0,0,0,0,0,0,0,0,0,0,0,0,0,0,0,0,0,0,0,0,0,0,7.18999576568604,16.5255565643311,5.21221590042114,0,5.29554224014282,13.4777765274048,0,0,0,0,-0,0,0,-0,0,0,-0,0,-0,0,0,-0,0,15.1144409179688,0,0,0
-0,-0,0,-0,-0,0,0,0,0,0,0,-0,0,0,-0,0,0,0,0,0,0,0,0,9.50857830047607,0,0,0,0,0,0,0,0,11.6304683685303,25.182373046875,-0,-0,0,11.8814277648926,-0,-0,0,-0,-0,0,0,-0,0,0,0,-0,0,0,-0,-0,0,92.3109664916992,0,12.3804769515991,9.02809524536133
0,0,0,0,0,0,0,0,0,0,0,0,0,0,0,0,0,0,0,0,0,0,0,0,0,0,0,0,0,0,0,0,0,0,0,0,0,0,0,0,0,0,0,0,0,0,0,0,0,0,0,0,0,-0,0,0,0,0,0
-0,-0,0,0,0,0,0,0,0,0,0,0,0,0,0,0,0,0,0,0,0,0,0,0,0,0,0,0,0,0,0,0,0,20.1085643768311,0,0,0,0,0,0,0,0,0,0,0,-0,0,0,0,0,0,0,35.565731048584,0,36.3928527832031,31.8057117462158,18.8814258575439,42.120002746582,0
-0,-0,0,-0,-0,0,0,0,0,0,0,0,0,0,0,0,0,0,0,0,0,0,0,0,0,0,0,0,0,0,0,0,0,0,0,0,0,0,0,0,0,0,0,0,0,-0,0,0,0,0,0,0,0,0,85.6263198852539,78.3905258178711,0,66.1715850830078,0
-0,-0,-0,-0,-0,0,0,0,0,0,0,0,0,0,0,0,0,0,0,0,0,0,0,0,0,0,0,-0,0,0,-0,0,0,0,0,0,0,101.243003845215,0,0,0,0,0,0,0,0,0,0,0,0,0,0,32.9809989929199,0,37.1930046081543,60.4599990844727,0,41.6789932250977,79.8639907836914
0,-0,0,0,0,0,0,0,0,0,0,0,0,0,0,0,0,0,0,0,0,0,0,0,0,0,0,0,0,0,0,0,0,0,0,0,0,0,0,0,0,0,0,0,0,0,0,0,0,0,0,0,0,0,0,12.863995552063,0,0,0
-0,-0,0,0,0,0,0,0,0,0,0,-0,0,0,-0,0,0,0,0,0,0,0,0,0,0,0,0,0,0,0,-0,0,0,0,0,0,0,0,0,0,0,0,0,0,0,-0,0,0,0,0,0,0,0,0,0,0,0,0,0
0,0,0,0,0,-0,0,0,0,0,0,-0,0,0,0,0,0,0,0,0,0,0,0,0,0,0,0,0,0,0,0,0,0,0,0,0,0,0,0,0,0,-0,-0,0,0,-0,0,0,-0,0,0,0,0,-0,0,0,0,0,0
-0,-0,-0,0,0,0,0,0,0,0,0,0,0,0,0,0,0,0,0,0,0,0,0,0,0,0,0,0,0,-0,0,0,0,0,0,0,0,0,0,0,0,0,0,0,0,0,0,0,0,0,0,0,0,0,0,0,0,0,0
0,0,0,0,0,0,0,0,0,0,0,0,0,0,0,0,0,0,0,0,0,0,0,0,0,0,0,0,0,0,0,0,0,0,0,0,0,0,0,0,0,0,0,0,0,0,0,0,0,0,0,0,0,0,0,0,0,0,0
0,0,0,0,0,0,0,26.7103328704834,0,0,0,0,0,0,9.42839622497559,0,0,14.4516172409058,0,0,0,0,0,0,0,0,0,-0,0,0,0,0,0,0,0,0,0,0,0,0,0,0,0,0,0,0,0,0,0,0,0,0,0,0,0,0,0,0,0
-0,-0,-0,-0,-0,0,13.408182144165,0,0,0,0,0,0,0,0,0,0,0,0,0,0,0,0,0,0,0,0,-0,0,0,0,0,0,0,0,0,0,0,0,0,0,0,0,0,0,0,0,0,0,0,0,0,0,0,0,0,0,0,0
0,-0,0,0,0,0,0,0,0,0,0,0,0,0,0,0,0,0,0,0,0,0,0,0,0,0,0,0,0,-0,0,0,44.3369216918945,0,0,0,0,0,0,0,0,0,0,0,33.9207611083984,0,0,30.39231300354,0,0,0,44.91845703125,0,27.8661499023438,0,0,0,0,0
0,0,0,0,0,0,0,0,0,0,0,0,0,0,0,0,0,0,0,0,0,0,0,0,0,0,0,0,-0,-0,0,0,0,0,0,0,0,0,0,0,0,0,0,0,0,-0,0,0,0,0,-0,0,0,-0,0,0,0,0,0
-0,-0,-0,-0,-0,0,0,0,0,0,0,0,0,0,0,0,0,0,0,0,0,0,0,0,0,0,0,0,0,0,0,0,0,0,0,0,0,0,0,0,0,0,0,0,0,0,0,0,0,0,0,0,0,0,0,0,0,0,0
-0,-0,-0,-0,-0,0,0,0,0,0,0,0,0,0,0,0,0,0,0,0,0,0,0,0,0,0,0,0,0,-0,0,0,0,0,0,0,0,0,0,0,0,0,0,0,0,0,0,0,0,0,0,0,33.661003112793,0,34.8129959106445,0,0,28.9960060119629,35.2760047912598
-0,-0,0,0,0,0,0,0,0,0,0,0,0,0,0,0,0,0,0,0,0,0,0,0,0,0,0,0,0,0,0,0,0,0,0,0,0,0,0,0,0,0,0,0,0,-0,0,0,0,0,0,0,0,0,0,0,0,0,0
-0,-0,0,-0,-0,0,0,58.6079025268555,86.0463104248047,66.8526306152344,103.804725646973,0,0,24.7721118927002,0,40.0410537719727,0,26.2957973480225,103.024192810059,159.252075195312,0,0,0,32.6157913208008,38.5852699279785,0,0,-0,0,-0,0,0,0,0,119.529502868652,98.4226379394531,79.3336868286133,43.826831817627,32.9810447692871,0,96.3910598754883,0,56.8215789794922,0,0,0,43.1979026794434,0,6.12211227416992,0,0,22.3068466186523,0,0,83.3326187133789,0,102.718933105469,106.80445098877,0
0,-0,0,0,-0,0,0,0,0,0,0,0,0,0,0,0,0,0,0,0,0,0,0,0,0,0,0,-0,0,-0,0,0,0,0,45.2382583618164,48.566951751709,33.0730476379395,19.6565208435059,0,0,26.6191291809082,0,0,0,0,0,0,0,0,0,0,0,0,0,0,0,0,0,0
-0,-0,-0,-0,-0,0,0,39.0074920654297,87.7216796875,36.6124954223633,87.2066650390625,0,0,0,0,36.5375022888184,0,0,150.167495727539,0,0,0,0,0,0,0,0,-0,0,-0,0,0,36.1358375549316,0,86.4791641235352,70.4375,107.087829589844,107.435600280762,0,0,0,97.570671081543,0,0,0,0,22.6908359527588,0,0,0,0,0,0,0,0,49.3608283996582,35.9400024414062,0,79.5546798706055
0,0,0,0,0,0,0,0,0,0,0,0,0,0,0,0,0,0,0,0,0,31.6116714477539,0,0,0,0,0,0,-0,-0,0,0,0,0,29.0324993133545,40.5225105285645,0,0,42.0749969482422,0,0,0,0,0,0,0,0,0,0,0,0,0,0,-0,0,0,0,0,0
0,0,0,0,0,0,0,0,0,0,0,0,0,0,0,0,0,0,0,0,0,0,0,0,0,0,0,-0,-0,-0,0,0,0,0,29.5389537811279,21.6394710540771,15.060525894165,0,15.6131563186646,0,0,0,0,0,0,0,0,0,0,0,0,0,0,0,0,0,0,0,0
0,0,0,0,0,0,0,0,0,0,0,0,0,0,0,0,0,0,0,0,0,0,0,0,0,0,0,-0,-0,-0,0,0,0,0,0,0,0,0,0,0,0,0,0,0,0,0,0,0,-0,0,0,0,0,0,0,0,0,0,0
-0,-0,0,-0,0,0,-0,0,0,0,0,0,0,0,0,0,0,0,0,0,0,0,0,0,0,-0,-0,-0,0,-0,-0,0,0,0,0,0,0,0,0,0,0,0,0,0,0,-0,0,0,0,0,0,0,0,0,0,0,0,0,0
0,0,0,0,0,0,0,0,0,0,0,0,0,0,0,0,0,0,0,0,0,0,0,0,0,0,0,-0,0,-0,0,0,0,0,0,90.5836944580078,0,30.111852645874,0,0,0,0,0,0,0,0,0,0,0,12.2037010192871,56.4770431518555,0,0,0,0,0,0,0,0
-0,-0,0,0,-0,0,0,0,0,0,0,0,0,0,0,0,0,0,0,0,0,0,0,0,0,0,0,-0,0,-0,0,0,0,0,0,0,0,0,86.1731109619141,0,0,0,0,0,0,0,0,0,0,0,0,38.5986671447754,0,0,0,0,0,0,0
0,0,0,0,0,0,0,0,0,0,0,0,0,0,0,0,0,0,0,0,0,0,0,0,0,0,0,-0,0,-0,0,0,0,0,0,0,0,0,35.4147911071777,23.3591251373291,0,0,0,0,0,0,0,0,0,0,0,0,0,0,0,0,0,0,0
37.4859199523926,69.5022354125977,0,0,0,12.5200061798096,16.2118492126465,0,109.377014160156,60.788890838623,0,0,17.0888900756836,0,7.01555252075195,103.662956237793,0,0,0,0,0,0,0,0,0,0,0,-0,0,-0,0,0,0,0,0,0,0,0,35.3703765869141,33.212589263916,0,0,0,0,0,0,0,0,0,0,0,0,0,0,0,0,0,0,0
-0,-0,-0,-0,-0,0,0,0,0,0,0,0,0,0,0,0,0,0,0,121.545013427734,0,0,0,0,0,0,0,-0,0,-0,0,0,0,0,0,0,0,0,59.2350006103516,0,0,0,0,0,0,0,0,0,0,0,0,0,0,0,0,0,0,0,0
-0,-0,0,0,0,0,-0,0,0,0,0,0,0,0,0,0,0,0,0,0,0,0,0,0,0,-0,-0,-0,0,-0,-0,0,0,0,0,0,0,0,0,0,0,0,0,0,0,-0,0,0,0,0,0,0,0,0,0,0,0,0,0
-0,-0,0,0,-0,0,-0,0,0,0,0,0,0,0,0,0,-0,0,0,0,0,0,0,0,0,-0,-0,-0,0,-0,-0,0,0,0,0,0,0,0,0,0,0,0,0,0,0,0,0,0,0,0,0,0,0,0,0,0,0,0,0
-0,-0,-0,-0,-0,0,0,0,0,0,0,0,0,0,0,0,-0,0,0,0,0,0,0,0,0,0,0,-0,0,-0,0,0,0,0,0,19.9626541137695,22.026668548584,0,0,0,0,15.1073389053345,-0,0,0,-0,0,0,-0,0,0,0,0,0,0,0,0,0,0
-0,-0,-0,0,-0,0,0,0,0,0,0,0,0,0,0,0,0,0,0,0,0,0,0,10.7895975112915,8.8560037612915,0,0,0,0,-0,0,0,22.0512008666992,0,26.5032062530518,39.0711975097656,30.9207992553711,48.6744041442871,0,10.1007957458496,19.5192070007324,0,0,17.1871967315674,15.2439918518066,0,0,13.9584007263184,0,0,-0,9.28640174865723,0,0,53.3503952026367,34.2831993103027,38.2999992370605,26.3304004669189,61.755199432373
-0,-0,-0,-0,-0,0,0,0,0,0,0,0,0,0,0,0,0,0,0,0,0,0,0,0,0,-0,-0,-0,0,-0,-0,0,0,0,0,0,0,0,0,0,0,0,0,0,0,0,0,0,0,0,0,0,0,0,0,0,0,0,0
-0,-0,-0,-0,-0,0,0,31.3718852996826,33.9432487487793,32.1702766418457,36.8827133178711,0,0,0,0,0,0,0,51.0973014831543,76.4843215942383,40.6605377197266,0,0,0,0,0,0,-0,0,-0,0,0,0,32.9308166503906,0,0,0,0,0,0,0,0,0,0,20.6426982879639,-0,0,0,0,0,0,0,47.5605392456055,0,56.9205436706543,0,28.1627025604248,30.2059421539307,0
-0,-0,-0,0,-0,0,-0,0,0,0,0,0,0,0,0,0,-0,0,0,0,0,0,0,0,0,0,-0,-0,-0,-0,-0,0,0,0,0,52.13916015625,44.8250007629395,55.6233329772949,0,0,36.4200096130371,32.154167175293,0,0,0,0,0,0,0,0,-0,0,44.9133338928223,0,0,0,0,35.1683311462402,48.3349914550781
-0,-0,-0,0,-0,0,0,0,0,0,0,0,0,0,0,0,0,0,0,0,0,0,0,0,0,0,0,0,0,-0,0,0,0,44.2243576049805,0,0,34.3052253723145,0,0,0,0,0,0,0,0,0,0,0,0,0,-0,0,0,0,0,0,0,0,0
-0,-0,-0,0,-0,0,0,31.8473167419434,73.6209869384766,56.1238975524902,49.2946395874023,0,0,0,0,50.6614532470703,0,55.8517036437988,138.989273071289,141.680480957031,41.3668327331543,0,0,26.9741382598877,27.1151275634766,0,0,0,0,-0,0,0,64.2444000244141,138.238159179688,76.9439010620117,120.155532836914,68.5799942016602,79.6151123046875,21.1331729888916,0,129.636260986328,0,0,88.5253677368164,148.095840454102,0,39.7112159729004,79.5560913085938,0,0,0,0,0,0,0,74.1775665283203,85.7585296630859,0,38.1239051818848
0,0,0,0,0,0,0,0,0,0,0,0,0,0,0,0,0,0,0,0,0,0,0,0,0,0,0,-0,0,-0,0,0,0,0,0,0,0,42.8216667175293,0,0,0,0,0,0,0,0,0,0,0,0,29.3816528320312,0,0,0,0,0,0,0,0
-0,-0,-0,-0,-0,0,0,0,0,0,0,0,0,0,0,0,0,0,0,0,0,0,0,0,0,0,0,-0,0,0,0,0,0,0,75.3905868530273,0,69.802360534668,0,0,0,0,58.6982345581055,0,0,0,0,0,0,0,0,0,0,0,0,0,0,0,0,0
-0,-0,0,-0,-0,0,0,0,0,0,0,0,0,0,0,0,-0,0,0,0,0,0,0,0,0,-0,-0,-0,-0,-0,0,0,0,0,0,0,0,0,0,0,0,0,0,0,0,0,0,0,0,-0,0,0,0,0,0,0,0,0,0
-0,-0,-0,-0,-0,0,0,0,0,0,0,0,0,0,0,0,0,0,0,0,0,0,0,0,0,0,0,-0,0,-0,-0,0,0,0,0,0,0,0,0,0,0,0,0,0,0,0,0,0,0,0,37.2244453430176,0,0,0,0,0,0,0,0
-0,-0,-0,0,-0,0,0,0,0,0,0,0,0,0,0,0,0,0,0,0,0,0,0,0,0,0,0,-0,0,-0,0,0,0,0,0,0,0,0,0,0,0,0,0,0,0,0,0,0,0,0,0,0,0,0,0,0,0,0,0
-0,-0,-0,-0,-0,0,0,0,0,0,0,0,0,0,0,0,0,0,0,0,0,0,0,0,0,0,0,-0,0,-0,-0,0,0,0,0,0,0,0,0,0,0,0,0,0,0,0,0,0,-0,0,26.9181823730469,0,0,0,59.207275390625,41.9078788757324,0,0,52.8400039672852
0,0,0,0,0,0,0,0,0,0,0,0,0,0,0,0,0,0,0,0,0,0,0,0,0,0,0,-0,0,-0,0,0,0,0,0,0,0,0,0,0,0,0,0,40.6051902770996,0,0,0,0,0,0,0,0,0,0,0,0,0,0,0
-0,-0,0,-0,-0,0,0,54.1022300720215,0,0,0,0,0,28.8266639709473,0,0,-0,0,0,0,0,0,0,0,0,-0,-0,-0,-0,-0,-0,0,0,0,0,0,0,0,0,0,0,0,0,0,0,0,0,0,0,0,0,0,0,0,0,0,0,0,0
-0,-0,0,0,-0,0,0,0,0,0,0,0,0,0,0,0,0,0,0,0,0,0,0,0,0,0,0,-0,-0,-0,0,0,0,0,0,0,0,0,0,0,0,0,0,0,60.0673828125,0,0,60.7810554504395,0,0,0,0,0,0,0,0,0,0,0
-0,-0,-0,-0,0,0,0,0,51.5569229125977,0,0,17.5569267272949,28.3276901245117,0,0,39.3307723999023,0,36.1246185302734,75.2338409423828,79.996940612793,0,0,59.2046279907227,0,0,0,0,0,0,-0,0,0,34.6015396118164,0,0,0,0,0,0,0,0,0,0,37.4215316772461,51.1138496398926,0,37.3199996948242,36.9676933288574,0,0,0,0,0,0,0,0,46.2707557678223,0,0
-0,-0,0,0,-0,0,0,0,0,0,0,0,0,0,0,0,0,0,0,0,0,0,0,0,0,-0,-0,-0,0,-0,-0,0,0,0,0,0,0,0,0,0,0,0,0,0,0,0,0,0,0,0,0,0,0,0,0,0,0,0,0
-0,-0,0,0,0,0,0,0,0,0,0,0,0,0,0,0,0,0,0,0,0,0,0,0,0,0,0,-0,0,-0,0,0,0,0,0,0,0,0,0,0,0,0,0,0,0,0,0,0,0,0,0,0,0,0,0,0,0,0,0
-0,-0,-0,0,0,0,0,0,0,0,0,0,0,0,0,0,0,0,0,0,0,0,0,0,0,0,0,0,0,-0,0,0,0,0,0,0,0,0,0,0,0,0,0,0,0,-0,0,0,-0,0,-0,0,0,0,0,0,0,0,0
-0,-0,0,0,-0,0,0,0,0,0,0,-0,0,0,0,0,0,-0,0,0,0,0,0,0,0,0,0,0,0,0,0,0,0,12.903525352478,0,0,4.47293615341187,8.51058387756348,-0,-0,-0,-0,-0,-0,-0,-0,-0,-0,-0,-0,0,-0,0,-0,-0,32.431755065918,0,0,5.87529802322388
0,0,0,0,0,0,0,0,0,0,0,0,0,0,0,0,0,0,0,0,0,0,0,0,0,0,0,-0,-0,-0,0,0,0,0,0,0,0,0,0,0,0,0,-0,0,10.8625001907349,-0,11.5241651535034,0,0,0,-0,0,0,-0,0,0,0,0,0
0,0,0,0,0,0,0,0,0,0,0,0,0,0,0,0,0,0,0,0,0,0,0,0,0,0,0,-0,-0,-0,0,0,0,0,0,0,0,0,0,0,0,0,0,40.7810134887695,0,0,0,0,0,0,0,0,0,0,0,0,0,0,0
0,0,0,0,0,0,0,0,0,0,0,0,0,0,0,0,0,0,0,0,0,0,0,0,0,0,0,-0,0,-0,0,0,0,0,0,0,0,0,0,0,0,0,0,0,24.1550025939941,0,0,0,0,0,0,0,0,-0,0,0,0,0,0
0,-0,0,0,-0,0,0,0,0,0,0,0,0,0,0,23.8450012207031,0,0,0,0,0,0,0,0,0,0,0,-0,0,-0,0,0,0,0,0,0,0,0,0,0,0,0,0,0,0,0,0,0,0,0,0,0,0,0,0,0,0,0,0
0,0,0,0,0,0,0,0,0,0,0,0,0,0,0,0,0,0,0,0,0,0,0,0,0,0,0,-0,0,-0,0,0,0,0,0,0,0,0,0,0,0,0,0,0,0,0,0,0,0,0,0,59.9331207275391,0,0,0,0,0,0,0
0,-0,-0,0,0,0,0,0,0,0,0,0,0,0,0,0,0,0,0,0,0,0,0,0,0,0,0,-0,0,-0,0,0,0,0,0,0,0,0,0,0,0,0,0,0,0,-0,0,0,0,0,0,31.5428562164307,0,0,0,0,0,0,0
0,0,0,0,0,0,0,0,0,0,0,0,0,0,0,0,0,0,0,0,0,0,0,0,0,0,0,-0,0,-0,0,0,0,0,0,0,0,0,0,0,0,0,0,0,0,0,0,0,0,0,0,0,0,0,0,0,0,0,0
0,-0,-0,-0,-0,0,0,0,0,0,0,0,0,0,0,0,0,0,0,0,0,0,0,0,0,-0,0,-0,-0,-0,0,0,0,0,0,0,0,0,0,0,0,0,0,0,0,0,0,0,-0,0,0,0,0,0,0,0,0,0,0
0,0,0,0,0,0,0,0,0,0,0,0,0,0,0,0,0,0,0,0,0,0,0,0,0,0,0,0,-0,-0,0,0,0,0,0,0,0,0,0,0,0,0,20.5727310180664,0,0,0,0,0,0,0,0,0,0,0,0,0,0,0,0
0,0,0,0,0,0,10.7508306503296,0,0,0,0,0,10.7366676330566,0,0,0,0,29.5733337402344,51.6633415222168,0,0,0,0,49.4241638183594,39.9316635131836,0,0,-0,-0,-0,0,0,0,0,0,0,0,23.5633411407471,0,0,0,0,20.9783325195312,0,0,0,0,0,0,0,0,0,0,0,0,0,0,0,0
0,0,0,0,0,0,0,0,0,0,0,0,0,0,0,0,0,0,0,0,0,0,0,0,0,-0,0,-0,0,-0,0,0,0,0,0,0,0,0,0,0,0,0,0,0,0,0,0,0,0,0,0,0,0,0,0,0,0,0,0
0,0,0,0,0,0,0,0,0,0,0,0,0,0,0,0,0,0,0,0,0,0,0,0,0,0,0,0,0,-0,0,0,0,0,0,0,0,0,-0,0,0,0,0,0,-0,-0,0,0,9.74199485778809,0,8.25399780273438,0,0,0,0,0,0,0,0
0,0,0,0,0,0,0,0,0,0,0,0,0,0,0,12.8081827163696,0,0,0,0,0,0,0,0,0,-0,0,0,-0,-0,-0,0,0,0,0,0,0,9.2409143447876,0,0,0,0,0,0,0,0,0,13.8027257919312,11.1463680267334,0,0,0,0,-0,0,0,0,0,0
-0,-0,0,-0,-0,0,0,0,0,0,0,0,0,0,0,0,0,0,0,0,0,0,0,0,0,0,0,0,0,-0,0,0,0,0,0,0,0,0,0,0,0,0,0,0,0,0,0,0,0,0,0,0,0,0,0,0,0,0,0
-0,-0,-0,-0,-0,0,0,0,0,0,0,0,0,0,0,0,0,0,0,0,0,0,0,0,0,0,0,-0,-0,-0,0,0,0,0,0,0,0,0,0,0,0,0,0,0,24.6946640014648,-0,0,0,0,26.2693347930908,20.0113334655762,0,0,0,0,0,0,0,0
-0,-0,0,0,-0,0,0,0,0,0,0,0,0,0,0,0,0,0,0,0,0,0,0,0,0,0,0,-0,0,-0,0,0,0,0,0,0,0,0,0,0,0,0,0,0,0,0,0,0,0,0,0,0,53.4619026184082,0,0,0,0,0,0
-0,-0,-0,-0,-0,0,0,0,0,0,0,0,0,0,0,0,-0,0,0,0,0,0,0,0,0,0,0,-0,0,-0,0,0,0,0,0,0,0,0,0,0,0,0,0,0,0,0,0,0,0,0,0,0,64.9391250610352,0,0,0,0,0,0
-0,-0,-0,-0,-0,0,0,0,0,0,0,0,0,0,0,0,0,0,0,0,0,0,0,0,0,-0,0,-0,-0,-0,-0,0,0,15.2262535095215,12.7224979400635,0,12.5637474060059,15.3975028991699,0,0,0,0,-0,0,0,-0,0,0,-0,0,0,0,30.6762580871582,0,0,0,0,27.2199935913086,0
0,0,0,0,0,0,0,0,0,0,0,0,0,0,0,0,0,0,12.3344488143921,0,0,11.7200012207031,0,0,0,0,0,-0,-0,-0,0,0,0,0,0,0,0,0,0,0,0,0,-0,0,0,0,0,0,-0,0,-0,-0,0,-0,26.668888092041,0,9.35999202728271,0,0
