-0,0,0,0,-0,11.3433408737183,38.2016716003418,65.6349868774414,87.918342590332,86.4166641235352,99.1303329467773,31.331672668457,0,17.9599914550781,47.2900085449219,96.9433288574219,0,31.3333339691162,112.514991760254,106.558326721191,95.2300033569336,83.3516693115234,45.4766578674316,94.6052474975586,67.3466720581055,0,7.68833160400391,0,0,-0,13.9433212280273,43.3966865539551,45.7949867248535,110.088500976562,36.9983367919922,63.0966758728027,109.627830505371,110.560424804688,0,0,0,69.9693374633789,105.352821350098,91.4869995117188,22.8766784667969,14.7516679763794,86.2006607055664,72.8433380126953,74.9091720581055,0,0,0,98.5284957885742,41.3933219909668,0,106.790992736816,98.125,101.290916442871,103.976654052734
0,0,0,0,0,0,0,0,0,80.4433364868164,84.7150039672852,0,0,0,0,0,0,0,0,0,0,0,0,0,0,0,0,0,0,0,0,31.5116710662842,0,0,0,0,0,0,0,0,0,0,0,0,0,-0,0,0,0,0,0,0,0,0,0,0,0,0,0
0,0,0,0,0,0,0,0,0,0,0,0,0,0,0,0,0,0,0,0,0,0,0,0,0,0,0,0,0,-0,0,0,0,0,0,0,0,0,0,0,0,0,0,0,0,0,0,0,0,0,0,42.9510078430176,0,0,0,0,0,0,0
0,0,-0,0,0,0,0,0,0,0,0,0,23.1600093841553,0,0,19.3240051269531,0,0,60.7439880371094,36.5519943237305,0,0,0,0,0,0,0,0,0,0,0,0,0,0,30.5359992980957,68.4919815063477,50.4359855651855,39.1519889831543,56.5719985961914,62.9720077514648,50.3400039672852,35.0080070495605,0,0,0,-0,22.6440010070801,0,0,16.5360050201416,0,0,62.0600090026855,0,63.9679946899414,0,64.1319961547852,58.9560050964355,0
-0,-0,0,-0,0,0,16.0300006866455,15.6509037017822,62.360912322998,42.060001373291,41.9836311340332,0,0,0,0,62.5518226623535,0,44.6990928649902,129.480773925781,107.634544372559,77.320915222168,0,0,14.4781856536865,0,0,0,0,0,-0,0,0,47.0845375061035,105.178642272949,86.0522689819336,135.867950439453,97.7590866088867,73.5945358276367,22.0336418151855,0,114.524078369141,46.5127220153809,0,75.320915222168,127.581756591797,-0,41.423641204834,0,0,0,0,0,0,0,0,91.9663619995117,113.314323425293,0,99.3856887817383
0,0,0,0,0,0,14.4049987792969,20.1999893188477,0,93.4000091552734,0,0,0,0,0,0,0,0,0,0,0,0,0,98.1951217651367,89.6897506713867,0,0,0,0,0,0,0,0,0,-0,0,0,87.5475082397461,0,0,0,-0,90.452507019043,0,0,0,0,0,0,0,16.7450103759766,0,0,0,0,120.549499511719,0,0,111.233116149902
0,0,0,0,0,-0,0,0,0,0,0,-0,0,-0,-0,0,0,0,0,0,0,0,0,0,0,0,0,103.364707946777,0,0,0,144.62043762207,0,0,0,0,0,0,0,0,0,0,0,0,0,-0,0,0,0,0,0,0,0,0,0,0,0,0,0
0,0,0,0,0,0,0,0,109.497497558594,44.1000022888184,68.4075012207031,0,0,0,0,75.2475128173828,50.0224990844727,17.9325103759766,0,0,0,0,0,0,0,0,0,0,0,0,0,0,0,0,0,0,0,16.9625091552734,0,0,0,0,0,0,0,-0,-0,-0,0,19.0049896240234,40.7675018310547,0,0,0,0,95.9850234985352,17.557502746582,0,95.3074951171875
144.453643798828,88.2878341674805,0,0,0,0,66.7087097167969,0,0,0,68.8173904418945,0,67.0991287231445,0,0,0,86.1869735717773,0,0,0,51.9895668029785,47.1513137817383,0,0,0,0,0,0,0,0,0,0,0,0,0,0,0,0,0,0,0,0,0,0,0,-0,0,-0,0,54.762622833252,0,0,0,0,0,0,0,0,0
0,0,0,0,0,0,0,0,92.7174987792969,0,71.3200073242188,0,0,0,0,23.7824935913086,84.0025100708008,0,0,0,0,0,0,0,0,0,0,0,0,0,0,0,0,0,0,0,0,0,0,0,0,0,0,0,0,0,0,0,0,22.5324783325195,30.265007019043,0,0,0,0,0,0,0,0
-0,0,0,0,-0,0,0,0,0,0,0,0,0,0,0,0,0,0,0,0,0,0,0,0,0,0,0,0,0,-0,0,0,0,0,0,0,0,0,0,0,0,0,0,0,0,0,0,0,-0,0,0,0,0,0,0,0,0,0,0
27.5599822998047,46.5750122070312,73.0850067138672,26.0350036621094,79.7200012207031,0,38.6449737548828,61.6750030517578,74.9750061035156,52.0600128173828,78.4300079345703,0,33.8150024414062,47.9000091552734,18.385009765625,64.5300140380859,17.7649993896484,0,35.8249969482422,0,0,23.0349731445312,0,0,0,0,0,0,0,0,0,0,0,60.260009765625,0,0,0,0,0,0,0,0,0,0,0,0,0,0,0,0,0,0,0,0,0,0,0,0,0
0,0,0,0,-0,0,0,0,0,0,0,0,0,0,0,0,0,0,0,0,0,0,0,0,0,0,0,0,0,0,0,0,0,0,0,94.0288925170898,0,0,115.473091125488,13.017767906189,0,0,0,0,0,0,0,0,0,0,0,0,0,0,0,0,0,0,0
0,0,0,76.0911102294922,129.468887329102,0,0,0,0,110.524444580078,0,0,0,0,52.6555442810059,0,0,0,0,0,0,0,0,0,0,0,0,0,0,0,0,44.7911186218262,0,0,0,0,0,0,0,0,0,0,0,0,0,-0,0,0,0,0,0,0,0,0,0,0,0,0,0
0,0,51.6244506835938,0,0,0,0,0,0,0,72.1222305297852,0,0,0,0,0,0,0,0,0,0,0,0,0,0,0,0,0,0,0,0,0,0,0,0,0,0,0,0,0,0,0,0,0,0,-0,0,0,0,0,0,0,0,0,0,0,0,0,0
47.1244316101074,0,0,0,88.2733306884766,0,0,0,0,0,0,0,0,0,0,0,0,0,0,0,0,0,0,0,0,0,0,0,0,-0,0,0,0,0,0,0,0,0,0,0,0,0,0,0,0,0,0,0,0,0,-0,-0,0,0,0,0,0,0,0
0,0,0,0,0,0,0,0,0,0,41.9555625915527,0,0,0,0,0,0,0,0,0,0,0,0,0,0,0,0,0,0,-0,0,0,0,0,0,0,0,0,0,0,0,0,0,0,-0,-0,0,0,0,0,-0,-0,0,0,0,0,0,0,0
0,0,0,0,0,0,0,0,92.3955459594727,0,0,0,0,0,0,0,79.6133422851562,0,0,0,0,0,0,0,0,-0,0,0,0,-0,0,31.88889503479,0,0,0,46.6088943481445,0,0,0,0,0,0,0,0,0,0,0,0,0,0,0,0,0,0,0,0,0,0,0
115.873321533203,0,0,0,0,0,0,0,0,0,0,0,0,0,0,0,71.3488845825195,0,0,84.1222229003906,50.022216796875,60.1866607666016,0,0,0,0,0,0,0,0,0,0,0,0,23.3599987030029,0,0,0,0,0,0,0,-0,0,0,0,0,0,0,15.7933216094971,0,0,0,0,0,0,0,0,0
43.1555786132812,78.5622100830078,88.1711196899414,0,0,0,0,0,0,0,0,0,31.3888816833496,21.8022193908691,30.4600009918213,55.4599952697754,0,0,0,0,0,0,0,0,0,0,0,0,0,0,0,0,0,0,0,0,0,0,0,0,0,0,0,0,0,-0,0,0,0,0,0,15.7711114883423,0,0,0,0,0,45.9755516052246,0
0,0,0,18.4133377075195,0,0,35.9466552734375,43.2977752685547,0,51.26220703125,41.5622215270996,0,0,0,12.4333362579346,0,0,36.5688819885254,77.0710983276367,91.4999847412109,81.5111236572266,56.4933319091797,41.5155639648438,20.9733486175537,0,0,0,0,0,0,0,0,55.6644439697266,0,0,0,0,0,0,0,0,0,0,0,0,0,0,0,0,17.7533302307129,0,0,0,36.0911178588867,0,50.206672668457,0,0,76.9000015258789
0,0,0,0,0,0,38.8466644287109,0,0,0,0,0,0,0,0,0,0,0,0,0,0,0,0,0,0,0,0,0,21.2266635894775,0,0,98.9133377075195,0,0,0,0,0,0,0,0,0,0,0,0,0,-0,0,0,0,0,0,0,0,0,0,0,0,0,0
0,0,0,0,0,0,0,0,0,0,63.6444282531738,0,0,0,0,0,0,0,91.1444396972656,77.4577789306641,91.075569152832,77.6999893188477,86.6711120605469,64.7600173950195,0,0,0,0,0,0,0,0,0,66.8177795410156,0,0,0,0,0,0,0,0,0,70.1955490112305,0,0,57.5777740478516,0,0,0,0,0,0,0,0,0,0,0,0
0,0,0,0,0,0,0,22.0999889373779,88.7177810668945,48.075569152832,85.7644424438477,0,0,0,0,0,0,69.4468841552734,96.879997253418,79.7133255004883,89.8111267089844,40.8955535888672,89.793327331543,0,0,0,0,0,0,-0,0,0,19.0044422149658,47.6266746520996,0,42.8488845825195,0,0,0,0,0,0,77.3066787719727,38.7955665588379,0,0,0,0,0,0,0,0,16.8688888549805,0,0,61.4266624450684,0,0,78.4644546508789
0,0,0,0,0,0,0,0,0,0,0,0,0,0,0,0,0,0,0,0,0,0,0,0,0,0,0,0,0,-0,0,0,0,0,0,0,0,0,0,0,0,0,0,0,0,0,0,0,0,0,0,0,0,0,0,0,0,0,0
-0,0,0,0,0,0,0,0,-0,-0,0,-0,-0,0,0,0,0,0,0,0,0,0,0,0,0,0,0,0,0,0,0,0,0,0,-0,-0,-0,0,-0,-0,0,-0,0,0,0,-0,0,0,0,-0,-0,0,-0,0,0,0,0,0,0
13.1111040115356,27.726676940918,34.7822341918945,0,0,0,0,0,0,0,17.7311172485352,-0,14.2977771759033,12.0066633224487,13.1800098419189,29.3199939727783,0,0,0,0,0,0,0,0,0,0,0,0,0,0,0,0,0,0,0,0,0,0,0,0,0,-0,0,0,0,-0,0,0,0,0,0,0,0,0,0,0,0,26.4489002227783,0
-0,0,-0,-0,-0,0,0,0,76.0733337402344,43.9288940429688,106.888885498047,0,0,0,0,46.1866722106934,0,43.506664276123,142.68669128418,101.842216491699,83.6355590820312,0,0,0,0,0,0,0,0,-0,0,0,0,0,0,0,0,0,0,0,0,0,0,59.6444435119629,0,0,57.7933349609375,0,0,0,0,0,0,0,81.9624328613281,0,96.2488784790039,0,97.1266555786133
0,0,0,0,0,-0,0,0,0,0,0,0,0,0,0,0,0,0,0,0,0,0,0,0,0,0,0,0,0,0,0,0,0,0,0,0,0,0,0,0,0,0,-0,0,-0,-0,0,-0,0,0,0,0,0,0,0,0,0,0,0
0,0,0,0,0,0,0,0,0,0,0,0,0,0,0,0,0,0,0,0,0,0,0,0,0,19.5622215270996,18.3777847290039,30.0155601501465,0,0,17.5933265686035,18.2377834320068,0,0,0,0,0,0,0,0,0,0,0,0,0,-0,0,0,0,0,0,0,19.3888759613037,0,44.9155540466309,48.5199928283691,0,40.8733291625977,52.8711242675781
0,0,0,0,0,0,0,0,0,0,0,-0,0,0,0,0,0,0,0,0,0,0,0,0,0,111.150459289551,119.323570251465,128.151672363281,0,89.5844421386719,76.7377853393555,0,0,0,0,0,0,0,0,0,0,0,0,0,0,0,0,0,0,0,0,-0,0,0,0,0,0,0,0
50.3533325195312,64.075553894043,0,73.6777801513672,0,0,43.1088676452637,0,0,68.8000030517578,61.6355590820312,-0,44.2022247314453,0,60.3511009216309,0,0,30.6711025238037,0,0,0,0,0,0,0,0,0,0,0,0,0,0,0,0,0,0,0,0,0,0,0,0,0,0,0,-0,0,0,0,0,0,0,0,0,0,0,0,0,0
0,0,0,0,0,0,0,0,0,0,0,0,0,0,0,0,0,0,0,0,0,0,0,0,0,0,0,0,0,0,0,0,0,0,0,0,0,0,0,0,0,0,0,0,-0,-0,0,0,0,0,-0,0,0,0,0,0,0,0,0
0,0,0,0,0,0,0,0,0,0,0,0,0,0,0,0,0,0,0,0,0,0,0,0,0,25.2133388519287,0,0,0,0,0,0,0,0,0,0,16.1622047424316,21.2244529724121,0,0,0,0,0,0,0,-0,0,0,0,0,0,0,0,0,0,0,0,0,0
0,108.477996826172,122.951484680176,99.7962493896484,116.453498840332,-0,71.1850128173828,94.7125015258789,118.818756103516,96.3500061035156,97.2374877929688,0,58.6212615966797,68.3850021362305,63.9674949645996,88.7774963378906,0,0,0,0,0,0,38.038745880127,0,0,0,29.8475074768066,0,0,-0,0,0,0,0,0,0,0,0,0,0,0,0,0,0,0,-0,0,-0,0,0,0,0,0,0,0,0,0,0,0
0,66.353759765625,42.9075012207031,0,0,0,43.2399978637695,0,0,0,0,0,40.1687507629395,0,0,0,0,0,0,0,0,0,0,0,0,8.33125305175781,0,0,0,0,0,0,0,0,0,0,0,0,0,0,0,0,0,0,0,0,0,-0,0,0,0,0,0,0,0,0,0,0,0
0,45.1399917602539,44.266242980957,61.6850128173828,64.7825088500977,0,25.857494354248,25.8012466430664,68.7849960327148,69.0675048828125,67.8225021362305,0,21.4987564086914,13.6049880981445,47.7849998474121,48.0824851989746,0,0,0,0,0,0,0,0,0,0,0,0,0,0,0,34.8912467956543,0,0,0,0,0,0,0,0,0,0,0,0,0,-0,0,0,0,0,0,0,0,0,0,0,0,0,0
51.7187461853027,0,0,0,0,26.8368759155273,0,0,0,0,0,0,0,0,0,0,24.2237510681152,0,0,0,0,0,0,0,15.4600067138672,-0,0,0,0,-0,-0,0,0,0,0,0,-0,0,0,0,-0,0,0,-0,17.6599998474121,-0,0,-0,0,0,-0,-0,0,0,0,0,0,0,0
0,0,0,0,0,0,0,0,0,0,0,0,0,0,0,0,0,0,0,0,0,0,0,0,0,0,0,0,-0,-0,0,0,0,0,0,0,0,0,0,0,-0,0,0,0,0,-0,0,0,0,0,0,0,0,0,0,0,0,0,0
0,79.5821990966797,90.6600036621094,42.097770690918,91.879997253418,0,0,53.3400077819824,74.1310958862305,49.0177688598633,77.3711090087891,0,0,43.5133399963379,0,53.9088897705078,0,0,0,0,0,0,0,0,0,0,0,0,0,0,0,0,0,47.7555541992188,0,0,0,0,0,0,0,0,0,0,0,-0,0,-0,0,0,-0,0,0,0,0,0,0,0,0
0,81.9511108398438,94.4800033569336,93.868896484375,112.029335021973,-0,0,0,87.7222213745117,83.804443359375,82.2355651855469,0,0,0,68.8999938964844,73.9177780151367,0,0,0,0,0,0,0,0,0,0,0,0,0,0,0,0,0,0,0,0,0,0,0,0,0,0,-0,0,0,-0,0,-0,0,0,0,0,0,0,0,0,0,0,0
0,92.2266693115234,0,0,0,0,0,0,92.2088928222656,0,0,0,0,0,0,89.6533432006836,0,0,0,0,0,0,0,0,0,0,0,0,-0,-0,0,34.8488922119141,0,0,0,0,0,0,0,0,0,0,0,0,0,0,0,0,0,0,0,0,0,0,0,0,0,0,0
0,0,-0,0,0,22.2199935913086,0,0,0,0,0,0,0,0,0,0,0,0,0,0,0,0,0,0,0,0,0,0,0,0,0,0,0,0,0,0,0,0,0,0,0,0,0,13.4155683517456,13.0155601501465,0,0,0,0,0,13.8488969802856,0,0,0,0,0,0,0,0
0,0,0,0,0,0,0,0,0,0,0,0,0,0,0,0,80.9569244384766,0,0,0,0,0,0,0,0,0,0,0,0,0,0,0,0,0,0,0,0,0,0,0,0,0,0,0,0,0,0,0,0,0,0,0,0,0,0,0,0,0,0
82.6399917602539,0,0,0,0,0,0,0,0,0,0,0,0,0,0,0,57.4763679504395,0,0,0,0,41.3800048828125,0,0,0,0,0,0,0,0,0,0,0,0,15.4963598251343,0,0,0,0,0,0,0,0,0,0,0,0,0,0,18.8236331939697,0,0,0,0,0,0,0,0,0
0,-0,0,-0,-0,0,19.4914283752441,26.2342834472656,46.5828552246094,32.4857215881348,37.2828636169434,0,0,0,0,0,-0,29.3114147186279,0,0,0,0,0,0,18.1771411895752,-0,0,0,0,-0,0,0,0,0,0,0,0,0,0,0,0,0,0,0,0,0,0,0,0,0,0,0,0,26.8285694122314,0,47.6314315795898,63.3914451599121,0,56.1257057189941
-0,-0,0,0,0,0,26.4325008392334,0,0,65.4774932861328,0,0,0,0,0,0,0,72.6841430664062,99.9049987792969,95.0712356567383,0,0,43.0250129699707,0,65.239990234375,0,0,0,0,0,0,0,0,0,0,0,0,0,0,0,0,0,0,0,0,0,0,0,0,0,0,0,0,0,0,50.069995880127,52.5937461853027,0,91.9300231933594
0,-0,0,0,0,0,0,0,0,0,0,0,0,0,0,0,0,0,0,84.4600067138672,0,0,0,41.1755561828613,38.7377777099609,0,0,0,0,0,0,0,0,0,0,0,45.793327331543,38.1866722106934,0,0,0,0,0,0,0,0,0,0,0,0,0,0,0,0,0,0,0,0,0
0,-0,0,0,0,0,0,13.4977760314941,0,0,22.480001449585,0,0,0,0,27.7599964141846,-0,0,0,0,0,0,0,0,0,0,0,0,0,-0,0,0,43.4444427490234,47.3466644287109,0,0,35.5288848876953,45.6511039733887,0,0,0,33.7399978637695,-0,48.9666595458984,0,-0,22.3888854980469,0,0,0,0,0,0,15.9222145080566,0,0,0,0,0
0,0,0,0,-0,0,0,0,0,0,0,21.6971530914307,22.9500122070312,0,16.7828502655029,70.957145690918,-0,0,92.4457168579102,85.4942855834961,75.6642913818359,55.6228561401367,67.6257095336914,18.9957103729248,0,0,0,0,-0,0,0,0,80.2128524780273,0,29.5328636169434,0,43.6328544616699,0,0,0,52.7500038146973,0,0,105.255722045898,66.1971282958984,0,0,81.2642822265625,14.2971410751343,9.93714237213135,0,0,29.2728576660156,33.0099983215332,0,42.5942878723145,76.7242965698242,27.5399951934814,81.4385833740234
0,0,-0,0,-0,0,0,0,0,0,0,0,0,0,0,48.7828559875488,0,0,90.3142776489258,73.5514373779297,0,52.8000144958496,0,0,0,0,0,0,0,0,0,0,0,0,0,0,0,0,0,0,0,0,0,53.3971290588379,0,33.5245704650879,40.9114379882812,0,0,0,0,0,0,0,34.4314308166504,0,0,32.0857200622559,0
-0,-0,0,-0,-0,0,0,0,71.3857116699219,33.8885688781738,77.0214233398438,0,0,0,0,0,0,31.1614322662354,104.171440124512,91.562858581543,78.0642776489258,50.939998626709,61.5614356994629,0,0,0,0,0,-0,-0,0,0,0,0,0,0,0,0,0,0,0,0,14.8171472549438,42.6428451538086,0,32.2484245300293,56.3100051879883,0,0,0,0,0,0,0,0,0,0,0,77.0357131958008
-0,-0,-0,-0,-0,0,0,30.0949974060059,0,0,0,0,15.7275066375732,8.16125106811523,0,0,0,0,81.8112411499023,0,0,0,0,0,10.2612552642822,0,0,0,0,-0,-0,0,0,0,0,0,0,0,26.5162467956543,0,0,0,0,0,0,0,0,0,0,0,0,0,50.2437515258789,0,49.5312423706055,0,0,0,0
-0,-0,0,-0,-0,0,21.351245880127,16.7562599182129,43.3074989318848,0,32.6387481689453,-0,0,0,0,0,0,0,71.3375015258789,0,0,0,0,0,0,0,0,0,0,0,0,0,0,0,0,0,0,0,0,0,0,0,-0,0,0,-0,0,0,0,20.5149974822998,0,0,0,19.0850105285645,0,0,0,0,0
0,-0,-0,-0,-0,0,0,0,0,0,0,0,0,0,0,0,0,0,0,0,0,0,0,0,0,0,0,0,0,0,0,0,0,0,0,0,0,0,0,0,0,0,0,0,0,-0,0,0,0,0,0,0,0,0,0,0,0,0,0
0,0,0,0,0,0,0,0,27.0177822113037,0,35.8355484008789,0,0,0,0,0,0,0,50.5733299255371,39.5311012268066,39.2177734375,30.5355567932129,31.3577747344971,0,0,0,0,0,0,-0,0,0,21.5688877105713,0,0,0,0,0,0,0,0,0,0,31.7399978637695,0,-0,24.4911231994629,0,0,0,0,0,0,0,0,0,0,0,0
0,0,0,0,0,0,0,0,43.5933303833008,0,51.4955558776855,0,0,0,0,0,0,21.9844360351562,57.2288818359375,0,54.2755661010742,36.6333312988281,50.5000038146973,0,0,0,0,0,0,0,0,0,0,0,0,0,0,0,0,0,0,0,35.1266555786133,0,0,0,0,0,0,0,0,0,0,0,0,0,0,0,0
-0,0,0,-0,-0,0,0,0,0,0,0,0,0,0,0,0,0,0,0,0,0,0,0,0,0,0,9.89556217193604,0,17.7911243438721,-0,0,33.4644432067871,0,0,0,0,0,63.533332824707,0,0,0,0,0,0,0,0,0,0,0,0,0,0,0,0,0,63.4755668640137,0,0,68.0333251953125
0,0,0,0,-0,0,17.2044372558594,0,48.4644470214844,0,41.0088958740234,0,0,0,0,0,0,0,0,0,0,0,0,0,0,21.9044399261475,48.5933380126953,26.8822193145752,0,-0,46.0555648803711,49.2222175598145,0,0,0,0,0,0,0,0,0,0,0,0,0,0,0,0,0,0,0,0,0,57.5056686401367,0,72.1666641235352,0,0,63.0577735900879
0,0,0,0,0,0,0,0,0,0,0,-0,0,-0,-0,0,0,0,0,0,0,0,0,0,0,47.2688865661621,61.0200004577637,91.7622222900391,0,0,49.9022026062012,0,0,0,0,0,0,0,0,0,0,0,0,0,0,0,0,0,0,0,0,0,0,0,0,80.0177917480469,0,0,0
0,-0,0,-0,-0,0,0,0,0,0,0,0,0,0,0,0,0,0,0,0,0,0,0,20.226146697998,13.6415357589722,0,0,0,0,-0,0,29.4615383148193,0,0,93.0400085449219,108.943077087402,82.4446105957031,36.2615356445312,27.3969211578369,0,69.2861633300781,0,19.6138572692871,0,0,0,0,0,0,0,0,0,0,0,0,0,102.324600219727,0,0
0,0,0,0,0,0,0,0,0,0,0,0,0,0,0,0,0,0,0,0,0,0,0,0,0,0,0,0,0,-0,-0,0,0,0,0,104.664451599121,0,45.0133399963379,0,0,0,0,0,0,0,-0,0,0,0,0,56.4577903747559,0,0,0,0,0,0,0,0
0,0,0,0,0,0,0,0,0,0,0,0,0,0,0,0,0,0,0,0,0,0,0,0,0,0,0,0,0,-0,0,0,0,0,0,0,0,0,26.4422264099121,25.6844482421875,0,0,0,0,0,0,0,0,0,0,0,0,0,0,0,0,0,0,0
0,0,0,0,0,0,0,0,0,0,0,0,0,0,0,0,0,0,0,0,0,0,0,0,0,0,0,0,0,0,0,0,0,0,0,0,0,0,29.4066562652588,19.9733276367188,0,0,0,0,0,0,0,0,0,0,0,0,0,0,0,0,0,0,0
-0,0,0,0,-0,0,0,0,0,0,0,0,0,0,0,0,0,0,0,0,0,0,0,0,0,0,0,0,0,0,0,0,0,0,22.1511154174805,0,0,0,21.1422252655029,0,0,0,0,0,0,-0,0,0,0,0,0,0,0,0,0,0,0,0,0
-0,0,0,-0,0,0,0,26.5288829803467,27.5044422149658,0,35.277774810791,0,0,0,0,0,-0,0,0,0,0,0,0,0,0,-0,0,0,0,-0,0,0,0,0,26.6911144256592,34.5844383239746,0,0,21.944450378418,0,0,0,-0,0,0,-0,0,0,0,0,0,0,0,0,32.124439239502,0,34.4755592346191,28.8266735076904,45.113338470459
0,0,0,0,-0,0,0,0,0,0,0,0,0,0,0,0,0,0,0,0,0,0,0,0,0,0,0,0,0,-0,0,0,26.5254650115967,0,0,36.8818206787109,43.2818145751953,34.7618064880371,0,0,15.6454610824585,32.7054595947266,0,0,0,-0,0,0,-0,0,0,0,0,46.7127342224121,0,0,0,0,0
-0,-0,0,0,-0,0,0,0,0,0,0,0,0,0,0,0,0,0,0,0,0,0,0,0,0,0,0,0,0,-0,0,0,0,0,35.4200210571289,61.3699798583984,46.359977722168,51.5149917602539,0,0,0,32.4925079345703,0,0,0,-0,0,0,0,0,0,0,0,0,0,55.2750053405762,0,0,62.3474960327148
0,0,0,-0,0,0,0,0,0,0,0,0,0,0,0,0,-0,0,0,0,0,0,0,0,0,0,-0,-0,-0,0,-0,0,0,0,23.2124996185303,34.5849990844727,29.0887508392334,23.9624977111816,0,0,20.6562461853027,19.0137500762939,0,0,0,-0,0,0,0,0,0,0,0,0,0,0,0,0,0
0,-0,-0,-0,-0,0,0,0,0,0,0,0,0,0,0,44.0435256958008,-0,0,0,0,0,0,0,0,0,0,0,0,-0,0,0,0,64.3105926513672,0,0,0,0,0,0,0,30.983528137207,0,0,85.6588363647461,53.5223579406738,0,0,41.4400100708008,22.8329544067383,0,0,0,0,39.6188316345215,0,0,0,0,0
0,0,0,0,0,0,0,0,0,0,0,0,0,0,0,0,0,0,43.555004119873,0,0,26.2916717529297,0,0,0,0,0,0,0,-0,0,0,20.3400020599365,60.7733268737793,22.5283355712891,0,38.9966621398926,35.4200019836426,27.213342666626,0,0,42.1833381652832,-0,0,0,-0,0,0,0,21.3799915313721,0,-0,39.6816673278809,16.1916599273682,34.5466766357422,38.3416633605957,32.4633369445801,32.5200080871582,40.3883285522461
0,0,0,0,0,0,0,0,0,0,0,0,0,0,0,0,0,0,0,0,0,0,0,0,39.185001373291,0,0,0,0,-0,0,0,18.1212539672852,0,0,0,0,0,0,0,0,0,0,27.8850059509277,22.898754119873,0,0,0,0,0,0,0,0,0,0,39.1187515258789,0,0,78.7412414550781
0,0,0,0,0,0,0,0,0,0,0,0,0,0,0,0,0,0,0,0,0,0,0,0,0,0,0,0,0,-0,0,0,0,0,0,0,0,0,0,0,0,0,0,0,0,0,0,0,0,0,0,21.952507019043,0,0,28.5524978637695,0,0,0,0
0,0,0,-0,0,0,0,0,0,0,0,0,0,0,0,0,0,0,0,0,0,0,0,0,0,-0,0,0,-0,-0,0,0,0,0,0,0,0,0,0,0,0,0,0,0,0,0,0,0,0,0,0,19.8514308929443,0,0,26.4114246368408,0,0,23.5042858123779,0
-0,0,0,0,0,0,0,0,0,0,0,0,0,0,0,0,0,0,0,0,92.8173522949219,0,0,82.2866516113281,0,0,0,0,0,-0,0,0,0,19.3119945526123,0,102.472007751465,36.9266624450684,62.1333389282227,0,0,0,0,71.7026672363281,0,0,32.8003883361816,0,0,14.6946573257446,0,0,0,0,0,0,0,0,0,0
0,0,-0,0,0,0,0,0,0,0,0,0,0,0,0,0,0,0,0,0,0,0,0,0,0,0,0,0,0,-0,0,0,0,0,0,0,0,0,0,0,0,0,0,0,25.1549968719482,-0,0,0,0,25.210620880127,13.7037525177002,0,0,0,0,0,0,0,0
0,-0,-0,0,-0,0,0,0,0,0,0,0,0,0,0,0,0,0,0,68.937141418457,0,0,0,0,0,0,0,0,0,0,0,0,0,44.0114135742188,0,0,0,0,0,0,0,0,0,0,0,0,0,0,0,0,0,0,57.1628684997559,0,65.8371429443359,69.7542724609375,62.9457206726074,55.8599853515625,74.4314346313477
0,0,0,0,0,0,0,0,0,0,0,0,0,0,0,0,0,0,84.9523086547852,84.1523056030273,71.7876968383789,0,0,0,0,0,0,0,0,-0,0,0,0,35.2153854370117,0,0,0,0,0,0,0,0,0,0,0,0,0,0,0,0,0,0,55.2461624145508,0,59.7476806640625,0,0,34.5738487243652,82.984619140625
0,-0,-0,0,-0,0,0,0,0,0,0,0,0,0,0,0,0,0,0,0,0,0,0,0,0,-0,0,0,0,0,0,21.3145523071289,0,0,0,0,0,0,0,0,0,0,-0,0,0,0,0,0,0,0,0,0,0,0,0,0,0,0,0
0,68.3799896240234,0,75.2066650390625,0,0,42.3955497741699,0,0,68.0977783203125,0,0,44.7444458007812,0,60.0466575622559,0,0,0,0,0,0,0,0,0,0,0,0,0,-0,-0,0,0,0,0,0,0,0,0,0,0,-0,0,0,0,0,-0,0,-0,0,17.9288845062256,0,-0,0,0,0,0,0,0,0
48.031120300293,58.7555465698242,0,60.793327331543,55.8777732849121,0,33.2977714538574,0,66.1511154174805,54.3555564880371,58.6822166442871,0,33.6000099182129,0,44.6066703796387,53.1933250427246,0,0,0,0,0,0,0,0,0,0,0,0,0,0,0,0,0,0,0,0,0,0,0,0,0,0,0,0,0,-0,0,0,0,0,0,0,0,0,0,0,0,0,0
0,20.1577758789062,19.1333351135254,27.9511108398438,24.7399826049805,0,0,13.7955589294434,25.6555614471436,27.9555587768555,22.4600048065186,-0,0,0,0,0,0,0,0,0,0,0,0,0,0,0,0,0,0,-0,0,0,0,0,0,0,0,0,0,0,0,0,0,0,0,-0,0,-0,0,0,0,0,0,0,0,0,0,0,0
0,0,0,0,0,0,0,0,0,0,0,0,0,0,0,0,0,0,0,0,0,0,0,0,0,0,0,0,0,-0,0,0,0,0,0,0,0,0,0,0,-0,0,0,0,0,-0,0,0,0,0,0,-0,0,0,0,0,0,0,0
29.019998550415,20.7333374023438,0,0,0,0,15.2844438552856,0,0,0,0,0,16.3955593109131,0,0,0,24.2355651855469,0,0,0,0,0,0,0,0,0,14.1044311523438,16.4155788421631,0,0,9.59110546112061,0,0,0,0,0,0,0,0,0,0,-0,0,0,0,-0,0,0,0,14.9600114822388,0,0,0,0,0,0,0,0,0
0,0,13.0577869415283,0,13.1577892303467,0,0,0,55.8244438171387,44.4711036682129,49.3711013793945,0,0,0,0,20.4755725860596,0,0,63.4866790771484,65.3422317504883,62.5555572509766,46.2911109924316,42.3844451904297,23.4511108398438,19.4044589996338,14.7622137069702,22.6577682495117,33.4244384765625,10.0666570663452,0,16.1133422851562,49.8022041320801,0,27.6266689300537,12.6888904571533,26.5733299255371,25.2266712188721,34.0466575622559,8.72666454315186,8.85776805877686,12.4199962615967,9.99333381652832,15.4911088943481,23.3044357299805,12.4489068984985,5.92666959762573,15.8355445861816,0,12.1199951171875,0,7.5088906288147,0,33.9266700744629,0,30.2755603790283,46.1977729797363,38.8600120544434,26.1688919067383,68.4066772460938
0,0,0,0,0,0,0,0,0,0,0,0,0,0,0,0,0,42.6833381652832,0,0,0,0,0,0,0,0,0,0,0,-0,0,0,0,0,0,0,0,0,0,0,0,0,0,0,0,0,0,0,0,0,0,0,0,0,0,0,0,0,0
0,0,0,0,0,0,0,0,56.5800018310547,0,0,0,0,0,0,0,0,34.4890823364258,0,0,0,0,0,0,0,0,0,0,0,0,0,43.1345443725586,0,0,0,0,0,0,0,0,0,0,0,0,0,0,0,0,0,0,0,0,0,0,0,43.3745460510254,0,0,73.018196105957
0,-0,0,0,0,0,0,0,0,0,0,0,0,0,0,0,0,0,0,0,0,58.8184623718262,59.1646194458008,0,0,0,0,0,0,0,0,0,0,0,0,0,0,0,0,0,0,0,0,0,0,0,0,0,0,0,0,0,0,0,0,0,0,0,0
0,0,0,0,0,0,0,0,0,0,0,0,0,0,0,0,0,0,0,51.7559928894043,55.6340026855469,40.2459945678711,49.9459953308105,0,0,0,0,0,0,-0,0,0,0,0,0,0,0,0,0,0,0,0,0,0,0,0,0,0,0,0,0,0,0,0,0,0,0,0,0
0,0,0,0,0,0,0,0,49.6263580322266,0,62.2781753540039,0,0,0,0,39.906364440918,0,22.4581737518311,111.899078369141,0,82.8400039672852,50.6781845092773,80.3427200317383,23.4381904602051,0,0,0,0,0,-0,0,0,37.8463592529297,0,58.3136329650879,100.211837768555,48.7772789001465,33.9100036621094,49.8954467773438,7.18363523483276,64.2645263671875,24.6909065246582,0,39.481819152832,19.9109020233154,0,32.8890838623047,10.5190925598145,13.7018194198608,0,0,0,47.2681770324707,31.211820602417,0,62.0636444091797,95.4837646484375,39.2372741699219,87.9545364379883
0,0,0,0,0,0,0,0,0,0,0,0,0,0,0,0,0,0,75.870002746582,0,0,0,52.9075088500977,0,0,0,0,0,0,0,0,0,0,0,0,77.1525115966797,39.0975112915039,0,0,0,0,0,0,0,0,0,0,0,0,0,0,0,0,0,0,0,0,0,0
0,0,0,0,0,0,0,0,0,0,36.3431510925293,0,0,0,0,0,0,0,40.5431632995605,55.7673645019531,36.367359161377,0,0,44.4073753356934,34.7873649597168,0,0,0,0,-0,0,0,0,17.9936981201172,0,0,14.5421075820923,0,0,0,0,0,0,0,0,0,0,0,0,0,0,0,0,0,0,0,0,0,0
0,0,0,0,0,0,0,0,0,0,0,-0,0,0,0,0,0,0,0,0,0,0,0,0,0,52.614990234375,60.7066841125488,61.2033424377441,0,43.8683319091797,33.281665802002,45.4666595458984,0,0,0,0,0,0,0,0,0,0,0,0,0,-0,0,0,0,0,0,0,0,0,0,0,0,0,0
-0,0,0,0,0,0,28.4308567047119,23.148006439209,0,40.3451461791992,0,0,0,0,0,0,0,23.8937168121338,0,0,0,0,0,0,0,21.0039978027344,0,10.7777223587036,22.6377105712891,0,0,30.0965709686279,0,0,0,0,0,0,0,0,0,0,0,0,0,0,0,0,0,0,0,0,0,0,0,0,0,0,0
0,0,0,0,0,0,0,0,0,0,0,-0,0,0,0,0,0,0,0,0,0,0,0,0,0,0,0,20.4399909973145,-0,0,0,0,0,0,15.6163606643677,0,0,0,0,0,0,0,0,0,0,-0,0,0,-0,0,0,0,0,0,0,0,0,0,0
-0,0,-0,0,0,0,0,0,27.0644493103027,0,30.6133289337158,0,13.2399864196777,0,0,0,0,0,0,0,0,0,0,0,0,0,0,0,0,0,0,0,0,0,46.4533500671387,0,51.5533447265625,33.5511131286621,36.5644454956055,19.7533302307129,0,35.4622116088867,0,0,0,0,0,0,0,0,0,0,29.0533447265625,0,33.2866744995117,33.3244400024414,47.1866760253906,26.977783203125,0
0,0,0,0,-0,0,0,0,0,0,0,0,0,0,0,0,0,0,43.6571311950684,0,0,0,0,0,0,0,0,0,-0,0,0,0,0,0,0,53.0771293640137,0,0,0,0,0,0,0,0,0,-0,0,0,0,0,0,0,0,0,0,0,53.5714378356934,0,0
0,0,0,0,0,0,0,0,0,0,0,0,0,0,0,0,0,0,0,0,0,21.8080024719238,0,0,0,-0,0,0,-0,-0,-0,0,0,0,0,0,0,0,21.3519954681396,0,0,0,0,-0,0,-0,0,-0,-0,0,-0,-0,0,-0,20.3240089416504,0,0,0,0
0,0,0,0,0,0,0,0,0,0,0,0,0,0,0,0,0,0,0,0,0,0,0,0,0,0,0,0,0,-0,0,0,0,0,58.5511016845703,81.706672668457,54.2022171020508,0,0,0,0,0,0,0,0,0,0,0,0,0,0,0,0,0,0,0,0,0,0
-0,0,0,0,-0,0,0,0,0,0,0,0,0,0,0,0,-0,0,0,0,0,0,0,0,0,-0,0,0,0,-0,0,0,0,0,0,0,36.261116027832,0,0,16.503345489502,0,0,0,0,0,0,0,0,0,0,0,0,60.9333229064941,0,0,0,0,0,0
0,0,-0,0,0,0,0,0,0,0,0,0,0,0,0,0,0,0,0,0,0,0,0,0,0,0,0,0,0,0,0,0,23.0861511230469,0,0,0,0,0,0,0,0,0,0,0,0,0,0,0,0,0,0,12.9907722473145,0,16.5492286682129,0,0,0,0,0
0,-0,0,-0,-0,0,0,0,0,0,0,0,0,0,0,0,0,0,0,0,0,0,0,0,0,-0,0,0,0,-0,-0,0,0,0,0,0,0,0,0,0,0,0,0,0,0,0,0,26.6028575897217,0,0,0,0,0,0,0,0,0,0,0
0,-0,-0,0,-0,0,0,0,0,0,0,0,0,0,0,37.5654563903809,0,0,87.5563659667969,66.2872772216797,52.3199920654297,0,32.5054550170898,0,0,0,0,0,0,-0,-0,0,0,0,0,0,0,0,0,0,0,0,0,0,34.239990234375,0,35.774543762207,26.5763664245605,0,0,0,0,0,0,0,0,62.3290901184082,0,0
0,0,0,0,0,0,0,0,0,0,0,0,0,0,0,0,0,0,0,0,0,41.6788177490234,38.8035316467285,0,0,0,0,0,0,0,0,0,0,0,0,0,0,0,0,0,0,0,0,0,0,0,0,0,0,0,0,0,0,0,0,0,0,0,0
0,0,0,0,0,0,0,0,0,0,31.9169273376465,0,0,0,0,0,0,0,35.5630722045898,39.7892265319824,40.1430740356445,36.5184593200684,36.0507736206055,0,0,0,0,0,-0,-0,-0,0,0,0,0,0,0,0,0,0,0,0,0,0,0,0,0,0,0,0,0,0,0,0,0,0,0,0,0
0,0,0,0,0,0,0,0,58.826000213623,0,0,0,0,0,0,0,0,0,0,0,0,0,0,0,0,0,0,0,0,-0,0,0,0,0,0,0,0,0,0,0,0,0,0,0,0,-0,0,0,0,0,-0,-0,0,0,0,0,0,0,0
0,0,0,0,0,0,0,0,0,0,0,0,0,0,0,0,0,0,0,0,0,0,0,0,0,0,0,0,0,0,-0,0,0,0,0,0,0,0,0,0,0,0,16.6600246429443,0,0,-0,0,0,0,0,-0,-0,0,0,0,0,0,0,0
0,-0,-0,0,-0,0,0,0,0,0,0,0,0,0,0,0,-0,0,0,0,0,0,0,0,0,0,0,0,0,-0,0,0,0,0,0,0,0,0,0,0,0,0,0,0,0,-0,0,0,-0,0,0,0,0,0,0,0,0,0,0
0,0,0,0,-0,0,0,0,0,0,0,0,0,0,0,0,0,0,0,0,0,0,0,0,0,0,0,0,0,-0,0,0,0,0,0,0,0,0,0,0,0,0,0,0,0,0,0,0,0,0,0,17.4985694885254,0,0,0,0,0,0,0
0,0,0,0,0,0,0,0,0,0,0,0,0,0,0,0,0,0,0,0,0,0,0,0,0,0,0,0,0,-0,0,0,0,0,0,0,0,0,0,0,0,0,0,0,0,0,0,0,0,0,0,15.8628711700439,0,0,15.254298210144,0,0,0,0
0,0,0,0,0,0,0,0,0,0,0,0,0,0,0,0,0,0,0,0,0,0,0,0,0,-0,0,0,0,-0,-0,0,0,0,0,0,0,0,0,0,0,0,0,0,0,-0,0,0,0,0,0,20.7107734680176,0,0,0,0,0,18.7846069335938,0
0,0,0,0,0,0,0,0,0,0,0,0,0,0,0,0,0,0,0,0,0,0,0,0,0,-0,0,0,-0,-0,-0,0,0,0,0,0,0,0,0,0,0,0,0,0,0,0,0,0,0,0,0,18.2410526275635,0,0,0,0,0,15.810525894165,0
0,0,0,0,-0,0,0,0,0,0,0,0,0,0,0,0,0,0,0,0,0,0,0,0,0,0,0,0,0,-0,0,0,0,0,0,0,0,0,0,0,0,0,0,0,0,0,0,0,0,0,0,17.4857177734375,0,0,0,0,0,0,0
0,77.0277633666992,29.8444423675537,90.7011108398438,77.1888809204102,0,49.5811080932617,0,0,72.8600006103516,49.7088890075684,0,0,0,63.8644332885742,0,0,0,0,38.6133308410645,0,0,29.912223815918,0,0,0,0,0,0,0,0,0,0,0,0,0,0,0,0,0,0,0,0,0,0,-0,0,0,0,0,-0,0,0,0,0,0,0,0,0
0,0,0,0,0,-0,0,0,0,0,0,0,0,0,0,0,0,0,0,0,0,0,0,0,0,0,0,0,0,0,0,0,0,0,0,0,0,0,0,0,0,0,-0,0,0,-0,0,-0,0,0,0,0,0,0,0,0,0,0,0
0,0,0,0,0,0,0,0,0,0,0,-0,0,0,0,0,0,0,0,0,0,0,0,0,0,0,0,0,0,0,0,0,0,0,0,0,0,0,0,0,0,0,0,0,0,-0,0,-0,0,0,0,0,0,0,0,0,0,0,0
0,42.2821006774902,0,0,0,0,0,0,70.1778869628906,0,0,0,0,0,0,61.201057434082,0,0,0,0,0,0,0,0,0,-0,0,0,0,-0,0,0,0,0,0,0,-0,0,0,0,-0,0,0,-0,0,-0,0,-0,0,0,-0,-0,0,0,0,0,0,0,0
0,-0,-0,0,0,0,0,0,0,0,0,0,0,0,0,0,0,0,0,0,0,0,33.9836311340332,0,0,0,0,0,0,-0,0,0,0,0,0,0,0,0,0,0,0,0,0,0,0,-0,0,0,0,0,0,0,0,0,0,0,0,0,0
0,0,0,0,0,0,0,0,0,0,0,0,0,0,0,0,0,0,0,0,0,0,0,0,0,0,0,0,0,0,-0,0,0,0,0,0,0,0,0,0,0,0,0,0,0,0,0,0,0,0,0,0,0,0,0,0,0,0,70.9966735839844
